2000, 0.0535
4000, 0.029
6000, -0.028
8000, 0.031
10000, 0.06
12000, 0.056
14000, 0.051
16000, 0.008
18000, 0.007
20000, 0.042
22000, 0.032
24000, -0.012
26000, 0.014
28000, 0.028
30000, 0.005
32000, 0.018
34000, 0.057
36000, -0.05
38000, 0.027
40000, 0.007
42000, 0.022
44000, 0.028
46000, 0.03
48000, 0.055
50000, -0.003
52000, -0.001
54000, -0.017
56000, 0.053
58000, -0.005
60000, 0.013
62000, -0.001
64000, 0.012
66000, 0.03
68000, -0.009
70000, 0.02
72000, 0.015
74000, 0.035
76000, 0.039
78000, 0.036
80000, 0.004
82000, 0.035
84000, 0.037
86000, 0.01
88000, 0.012
90000, 0.01
92000, 0.039
94000, 0.002
96000, 0.031
98000, 0.028
100000, 0.003
102000, 0.024
104000, 0.026
106000, 0.022
108000, 0.047
110000, 0.038
112000, -0.001
114000, -0.008
116000, 0.004
118000, 0.036
120000, 0.025
122000, 0.016
124000, 0.025
126000, -0.02
128000, 0.013
130000, 0.045
132000, 0.03
134000, 0.044
136000, 0.04
138000, 0.054
140000, 0.043
142000, 0.013
144000, -0.02
146000, 0.009
148000, 0.035
150000, 0.03
152000, 0.023
154000, 0.034
156000, 0.008
158000, 0.067
160000, 0.039
162000, 0.028
164000, 0.03
166000, 0.05
168000, 0.023
170000, 0.029
172000, 0.013
174000, 0.043
176000, -0.011
178000, 0.042
180000, 0.055
182000, 0.045
184000, 0.023
186000, -0.008
188000, 0.038
190000, 0.047
192000, 0.031
194000, 0.013
196000, 0.044
198000, 0.035
200000, 0.025
