2000, -0.0645
4000, -0.451
6000, -0.485
8000, -0.373
10000, -0.239
12000, -0.097
14000, -0.129
16000, -0.145
18000, -0.141
20000, -0.129
22000, -0.121
24000, -0.119
26000, -0.122
28000, -0.13
30000, -0.134
32000, -0.178
34000, -0.137
36000, -0.168
38000, -0.14
40000, -0.125
42000, -0.123
44000, -0.153
46000, -0.135
48000, -0.159
50000, -0.163
52000, -0.129
54000, -0.113
56000, -0.14
58000, -0.214
60000, -0.18
62000, -0.089
64000, -0.149
66000, -0.121
68000, -0.099
70000, -0.179
72000, -0.174
74000, -0.125
76000, -0.166
78000, -0.113
80000, -0.097
82000, -0.135
84000, -0.15
86000, -0.105
88000, -0.138
90000, -0.127
92000, -0.158
94000, -0.165
96000, -0.133
98000, -0.094
100000, -0.147
2000, -0.4795
2000, -0.1995
4000, -0.526
6000, -0.477
8000, -0.278
10000, -0.152
12000, -0.145
14000, -0.143
16000, -0.114
18000, -0.122
20000, -0.137
22000, -0.104
24000, -0.142
26000, -0.123
28000, -0.108
30000, -0.102
32000, -0.147
34000, -0.125
36000, -0.076
38000, -0.122
40000, -0.082
42000, -0.091
44000, -0.091
46000, -0.144
48000, -0.046
50000, -0.12
52000, -0.123
54000, -0.077
56000, -0.074
58000, -0.069
60000, -0.095
62000, -0.146
64000, -0.068
66000, -0.071
68000, -0.132
70000, -0.107
72000, -0.098
74000, -0.102
76000, -0.066
78000, -0.077
80000, -0.06
82000, -0.105
84000, -0.085
86000, -0.065
88000, -0.064
90000, -0.078
92000, -0.105
94000, -0.118
96000, -0.056
98000, -0.068
100000, -0.091
2000, -0.1505
4000, -0.181
6000, -0.179
8000, -0.171
10000, -0.209
12000, -0.122
14000, -0.128
16000, -0.136
18000, -0.068
20000, -0.125
22000, -0.057
24000, -0.127
26000, -0.125
28000, -0.158
30000, -0.067
32000, -0.052
34000, -0.087
36000, -0.143
38000, -0.087
40000, -0.048
42000, -0.082
44000, -0.127
46000, -0.065
48000, -0.093
50000, -0.125
52000, -0.153
54000, -0.057
56000, -0.075
58000, -0.049
60000, -0.086
62000, -0.17
64000, -0.117
66000, -0.021
68000, -0.098
70000, -0.166
72000, -0.044
74000, -0.028
76000, -0.172
78000, -0.1
80000, -0.033
82000, -0.075
84000, -0.14
86000, -0.064
88000, -0.088
90000, -0.129
92000, -0.069
94000, -0.086
96000, -0.106
98000, -0.057
100000, -0.076
102000, -0.106
104000, -0.077
106000, -0.101
108000, -0.11
110000, -0.058
112000, -0.105
114000, -0.155
116000, -0.093
118000, -0.073
120000, -0.123
122000, -0.07
124000, -0.091
126000, -0.062
128000, -0.085
