2000, 0.0215
4000, 0.03
6000, 0.041
8000, 0.063
10000, 0.084
12000, 0.062
14000, 0.05
16000, 0.033
18000, 0.036
20000, 0.06
22000, 0.049
24000, 0.06
26000, 0.056
28000, 0.069
30000, 0.047
32000, 0.076
34000, 0.027
36000, 0.013
38000, 0.079
40000, 0.021
42000, 0.071
44000, 0.066
46000, 0.037
48000, 0.076
50000, 0.048
52000, 0.022
54000, 0.087
56000, 0.036
58000, 0.027
60000, 0.018
62000, 0.01
64000, 0.038
66000, 0.048
68000, 0.019
70000, 0.016
72000, 0.066
74000, 0.086
76000, 0.056
78000, 0.028
80000, 0.023
82000, 0.048
84000, 0.03
86000, 0.029
88000, 0.038
90000, 0.025
92000, 0.047
94000, 0.031
96000, 0.018
98000, 0.058
100000, 0.091
102000, 0.079
104000, 0.054
106000, 0.012
108000, 0.053
110000, 0.047
112000, 0.018
114000, 0.048
116000, 0.06
118000, 0.063
120000, 0.034
122000, 0.039
124000, 0.062
126000, 0.037
128000, 0.061
130000, 0.057
132000, 0.034
134000, 0.034
136000, 0.042
138000, 0.01
140000, 0.082
142000, 0.053
144000, 0.016
146000, 0.064
148000, 0.053
150000, 0.095
152000, 0.055
154000, 0.055
156000, 0.032
158000, 0.05
160000, 0.037
162000, 0.08
164000, 0.027
166000, 0.074
168000, 0.043
170000, 0.041
172000, 0.057
174000, 0.093
176000, 0.068
178000, 0.069
180000, 0.055
182000, 0.07
184000, 0.07
186000, 0.055
188000, 0.076
190000, 0.079
192000, 0.028
194000, 0.108
196000, 0.064
198000, 0.015
200000, 0.108
