50000, 0.1305
52000, -0.109
54000, -0.037
56000, -0.123
58000, -0.042
60000, -0.042
62000, 0.018
64000, -0.005
66000, -0.03
68000, 0.026
70000, 0.002
72000, 0.028
74000, 0.033
76000, 0.074
78000, 0.003
80000, 0.087
82000, 0.044
84000, 0.064
86000, 0.019
88000, 0.034
90000, 0.0
92000, 0.024
94000, 0.05
96000, 0.046
98000, 0.051
100000, 0.039
102000, 0.079
104000, 0.034
106000, 0.007
108000, 0.029
110000, 0.027
112000, 0.046
114000, 0.025
116000, 0.013
118000, 0.017
120000, 0.034
122000, 0.059
124000, 0.004
126000, 0.02
128000, 0.053
130000, 0.071
132000, 0.07
134000, 0.084
136000, 0.063
138000, 0.034
140000, 0.078
142000, 0.02
144000, 0.047
146000, 0.096
148000, 0.071
