2000, 0.0705
4000, 0.1
6000, 0.073
8000, 0.095
10000, 0.006
12000, -0.032
14000, -0.046
16000, 0.009
18000, -0.013
20000, 0.006
22000, 0.029
24000, 0.005
26000, 0.002
28000, 0.028
30000, 0.037
32000, 0.018
34000, 0.025
36000, 0.018
38000, -0.023
40000, -0.046
42000, 0.055
44000, 0.01
46000, -0.038
48000, -0.012
50000, 0.017
52000, -0.026
54000, -0.006
56000, 0.015
58000, 0.014
60000, 0.038
62000, -0.019
64000, -0.044
66000, 0.002
68000, 0.043
70000, 0.0
72000, -0.015
74000, 0.027
76000, -0.03
78000, 0.012
80000, -0.014
82000, 0.032
84000, -0.024
86000, -0.031
88000, -0.032
90000, 0.023
92000, 0.036
94000, -0.024
96000, -0.038
98000, 0.029
100000, 0.034
102000, 0.025
104000, 0.009
106000, 0.004
108000, -0.027
110000, 0.017
112000, 0.01
114000, -0.015
116000, 0.057
118000, 0.018
120000, -0.01
122000, 0.006
124000, -0.005
126000, -0.019
128000, -0.009
130000, 0.044
132000, -0.019
134000, -0.016
136000, 0.037
138000, -0.009
140000, -0.022
142000, -0.014
144000, 0.041
146000, 0.017
148000, 0.016
150000, 0.023
152000, -0.056
154000, -0.027
156000, -0.009
158000, 0.029
160000, 0.026
162000, -0.027
164000, 0.055
166000, -0.023
168000, -0.035
170000, 0.02
172000, 0.035
174000, -0.067
176000, 0.017
178000, 0.081
180000, 0.025
182000, -0.018
184000, -0.056
186000, -0.023
188000, 0.017
190000, 0.039
192000, -0.006
194000, 0.04
196000, -0.002
198000, -0.02
200000, 0.008
202000, -0.016
204000, 0.003
206000, 0.015
208000, 0.01
210000, 0.036
212000, 0.038
214000, 0.029
216000, -0.037
218000, 0.03
220000, 0.028
222000, 0.005
224000, -0.042
226000, -0.028
228000, 0.081
