2000, -0.0365
4000, -0.024
6000, -0.014
8000, -0.043
10000, -0.027
12000, -0.086
14000, -0.03
16000, -0.027
18000, -0.043
20000, -0.041
22000, 0.009
24000, -0.045
26000, -0.043
28000, -0.001
30000, -0.043
32000, 0.0
34000, -0.012
36000, -0.015
38000, -0.011
40000, -0.061
42000, -0.054
44000, -0.009
46000, -0.011
48000, -0.038
50000, -0.017
52000, -0.01
54000, 0.012
56000, 0.024
58000, -0.032
60000, -0.063
62000, -0.025
64000, -0.015
66000, 0.002
68000, -0.037
70000, -0.006
72000, -0.018
74000, -0.018
76000, 0.006
78000, 0.009
80000, 0.0
82000, -0.022
84000, -0.014
86000, 0.012
88000, 0.002
90000, -0.021
92000, 0.025
94000, 0.003
96000, 0.016
98000, -0.009
100000, -0.006
102000, -0.009
104000, 0.034
106000, 0.035
108000, 0.02
110000, 0.004
112000, 0.032
114000, 0.004
116000, 0.006
118000, 0.013
120000, 0.001
122000, 0.004
124000, -0.005
126000, 0.031
128000, 0.03
130000, 0.001
132000, 0.009
134000, 0.044
136000, 0.032
138000, 0.005
140000, 0.054
142000, 0.009
144000, 0.004
146000, 0.04
148000, 0.04
150000, 0.019
152000, 0.024
154000, 0.04
156000, -0.028
158000, 0.023
160000, 0.019
162000, 0.051
164000, 0.056
166000, 0.014
168000, 0.035
170000, 0.052
172000, 0.023
174000, 0.071
176000, 0.06
178000, 0.034
180000, 0.036
182000, 0.051
184000, 0.052
186000, 0.038
188000, 0.064
190000, 0.056
192000, 0.079
194000, 0.079
196000, 0.048
198000, 0.066
200000, 0.063
