2000, 0.0945
4000, 0.111
7000, 0.0735
9000, 0.074
11000, 0.168
13000, 0.143
15000, 0.098
17000, 0.085
19000, 0.011
21000, 0.022
23000, 0.011
25000, 0.045
27000, -0.026
29000, 0.009
31000, -0.026
33000, 0.025
35000, 0.033
37000, 0.005
39000, -0.019
41000, -0.004
43000, -0.053
45000, 0.001
47000, 0.009
49000, -0.012
51000, -0.012
53000, -0.02
55000, -0.011
57000, -0.029
59000, -0.005
61000, -0.025
63000, -0.029
65000, 0.005
67000, -0.01
69000, 0.007
71000, -0.024
73000, -0.024
75000, -0.015
77000, 0.024
79000, -0.02
81000, -0.022
83000, -0.014
85000, -0.013
87000, 0.01
89000, 0.006
91000, -0.017
93000, 0.03
95000, -0.003
97000, 0.018
99000, -0.006
101000, 0.005
103000, -0.022
105000, -0.008
107000, -0.024
109000, -0.003
111000, -0.066
113000, -0.034
115000, 0.01
117000, 0.006
119000, 0.006
121000, -0.014
123000, -0.019
125000, 0.008
127000, 0.039
129000, -0.001
131000, -0.031
133000, -0.021
135000, 0.007
137000, 0.026
139000, 0.017
141000, 0.021
143000, -0.03
145000, -0.002
147000, -0.037
149000, 0.01
151000, -0.052
153000, 0.009
155000, 0.002
157000, -0.021
159000, -0.026
161000, -0.019
163000, -0.009
165000, -0.059
167000, -0.011
169000, 0.005
171000, 0.019
173000, 0.006
175000, -0.035
177000, -0.004
179000, 0.038
181000, -0.024
183000, -0.013
185000, 0.033
187000, 0.005
189000, 0.0
191000, -0.005
193000, 0.0
195000, -0.039
197000, 0.025
199000, 0.023
201000, 0.023
203000, -0.053
205000, -0.011
207000, 0.004
209000, -0.018
211000, -0.041
213000, -0.043
215000, -0.023
217000, 0.009
219000, -0.048
221000, 0.007
223000, -0.004
225000, 0.055
227000, 0.006
229000, -0.005
231000, 0.025
233000, -0.026
235000, -0.033
237000, 0.013
239000, -0.002
241000, 0.031
243000, -0.072
245000, -0.027
247000, 0.008
249000, 0.051
251000, -0.015
253000, -0.023
255000, -0.007
257000, -0.018
259000, 0.019
261000, 0.003
263000, 0.025
265000, 0.035
267000, -0.011
269000, 0.005
271000, 0.011
273000, 0.05
275000, -0.045
277000, 0.026
279000, 0.005
281000, 0.03
283000, -0.007
285000, -0.003
287000, 0.01
289000, -0.012
291000, 0.017
293000, -0.024
295000, -0.008
297000, 0.001
299000, -0.024
301000, 0.019
303000, 0.014
305000, 0.022
307000, -0.018
309000, -0.039
311000, -0.036
313000, -0.023
315000, -0.002
317000, 0.01
319000, 0.006
321000, 0.029
323000, -0.001
325000, -0.012
327000, 0.009
329000, 0.007
331000, -0.031
333000, 0.03
335000, -0.008
337000, 0.011
339000, 0.026
341000, -0.019
343000, -0.008
345000, -0.07
347000, -0.018
349000, -0.013
351000, 0.051
353000, -0.009
355000, 0.034
357000, 0.003
359000, 0.017
361000, -0.022
363000, -0.029
365000, -0.004
367000, 0.037
369000, 0.024
371000, -0.018
373000, -0.034
375000, 0.041
377000, 0.005
379000, -0.017
381000, -0.005
383000, -0.007
385000, 0.015
387000, 0.002
389000, 0.044
391000, 0.02
393000, -0.007
395000, 0.037
397000, 0.013
399000, -0.027
401000, 0.031
403000, 0.024
405000, -0.044
