2000, -0.0015
4000, -0.007
6000, -0.031
8000, -0.123
7000, -0.0225
9000, -0.049
11000, -0.034
13000, -0.1
15000, 0.029
17000, -0.057
19000, 0.036
22000, -0.061
24000, 0.018
26000, -0.068
28000, 0.088
30000, -0.064
32000, -0.072
34000, 0.055
36000, -0.021
38000, -0.01
40000, -0.003
42000, 0.022
44000, -0.015
46000, -0.027
48000, -0.016
50000, -0.002
52000, 0.025
54000, 0.019
56000, -0.008
58000, -0.001
60000, 0.005
62000, 0.037
64000, -0.049
66000, 0.008
68000, 0.036
70000, -0.028
72000, -0.035
74000, -0.02
76000, -0.018
78000, 0.017
80000, -0.007
82000, 0.017
84000, -0.012
86000, -0.028
88000, -0.015
90000, -0.006
92000, -0.008
94000, -0.032
96000, -0.007
98000, -0.004
100000, -0.029
102000, -0.015
104000, 0.013
106000, 0.015
108000, -0.013
110000, -0.018
112000, 0.042
114000, -0.024
118000, 0.049
120000, 0.007
122000, -0.008
124000, -0.045
126000, -0.021
128000, 0.001
130000, -0.017
132000, 0.016
134000, 0.008
136000, -0.014
138000, -0.008
140000, 0.014
142000, 0.003
144000, 0.052
146000, 0.023
148000, -0.028
150000, -0.022
152000, 0.03
154000, 0.04
156000, -0.053
158000, -0.056
160000, 0.036
162000, 0.013
164000, -0.013
166000, -0.064
168000, -0.032
170000, 0.031
172000, -0.001
174000, -0.005
176000, -0.015
178000, -0.039
180000, -0.011
182000, -0.023
184000, -0.045
186000, 0.003
188000, 0.028
190000, -0.02
192000, -0.011
194000, -0.03
196000, -0.02
198000, -0.013
200000, -0.028
202000, -0.031
204000, -0.011
206000, -0.015
208000, 0.001
210000, -0.015
212000, -0.012
214000, -0.01
216000, 0.001
218000, -0.025
220000, -0.052
222000, 0.025
224000, 0.006