2000, 0.1055
4000, 0.119
6000, 0.097
8000, 0.141
10000, 0.079
12000, 0.067
14000, 0.09
16000, 0.098
18000, 0.051
20000, 0.099
22000, 0.116
24000, 0.112
26000, 0.107
28000, 0.078
30000, 0.125
32000, 0.147
34000, 0.085
36000, 0.066
38000, 0.125
40000, 0.072
42000, 0.12
44000, 0.127
46000, 0.11
48000, 0.084
50000, 0.067
52000, 0.156
54000, 0.105
56000, 0.138
58000, 0.098
60000, 0.124
62000, 0.113
64000, 0.08
66000, 0.1
68000, 0.16
70000, 0.085
72000, 0.097
74000, 0.121
76000, 0.127
78000, 0.128
80000, 0.11
82000, 0.126
84000, 0.112
86000, 0.108
88000, 0.099
90000, 0.143
92000, 0.121
94000, 0.081
96000, 0.146
98000, 0.13
100000, 0.152
102000, 0.124
104000, 0.14
106000, 0.088
108000, 0.121
110000, 0.122
112000, 0.127
114000, 0.128
116000, 0.131
118000, 0.094
120000, 0.075
122000, 0.1
124000, 0.106
126000, 0.118
128000, 0.082
130000, 0.123
132000, 0.079
134000, 0.099
136000, 0.08
138000, 0.119
140000, 0.144
142000, 0.098
144000, 0.102
146000, 0.098
148000, 0.11
150000, 0.096
152000, 0.1
154000, 0.09
156000, 0.12
158000, 0.162
160000, 0.086
162000, 0.125
164000, 0.083
166000, 0.152
168000, 0.117
170000, 0.144
172000, 0.093
174000, 0.114
176000, 0.092
178000, 0.053
180000, 0.074
182000, 0.109
184000, 0.114
186000, 0.122
188000, 0.123
190000, 0.103
192000, 0.078
194000, 0.084
196000, 0.102
198000, 0.1
200000, 0.058
