2000, 0.1405
4000, 0.187
6000, 0.183
8000, 0.102
10000, -0.06
12000, -0.163
14000, -0.241
16000, -0.122
18000, -0.055
20000, 0.017
22000, 0.044
24000, -0.042
26000, -0.013
28000, 0.005
30000, -0.037
32000, -0.063
34000, -0.016
36000, -0.002
38000, 0.031
40000, -0.018
42000, -0.013
44000, -0.024
46000, 0.016
48000, -0.005
50000, 0.002
52000, 0.033
54000, -0.003
56000, -0.013
58000, -0.054
60000, 0.019
62000, -0.036
64000, -0.024
66000, 0.021
68000, -0.042
70000, -0.029
72000, 0.002
74000, -0.015
76000, 0.001
78000, -0.004
80000, -0.01
82000, -0.024
84000, 0.013
86000, -0.019
88000, 0.01
90000, -0.017
92000, 0.001
94000, -0.038
96000, 0.003
98000, -0.017
100000, -0.049
102000, 0.001
104000, 0.021
106000, -0.013
108000, 0.031
110000, -0.018
112000, -0.027
114000, -0.013
116000, -0.034
118000, -0.01
120000, -0.013
122000, -0.003
124000, 0.015
126000, -0.041
128000, -0.028
130000, -0.028
132000, -0.019
134000, -0.002
136000, -0.056
138000, -0.019
140000, 0.02
142000, -0.01
144000, 0.013
146000, -0.015
148000, -0.014
150000, -0.038
152000, 0.002
154000, -0.047
156000, -0.002
158000, -0.041
160000, -0.017
162000, 0.003
164000, -0.039
166000, -0.054
168000, -0.032
170000, 0.004
172000, -0.027
174000, -0.038
176000, 0.007
178000, -0.013
180000, -0.018
182000, -0.018
184000, -0.023
186000, -0.03
188000, -0.012
190000, -0.014
192000, -0.042
194000, -0.006
196000, -0.004
198000, -0.004
200000, -0.011
202000, -0.022
204000, -0.007
