2000, 0.0465
4000, 0.005
6000, 0.05
8000, 0.005
10000, 0.001
12000, 0.034
14000, 0.045
16000, 0.028
18000, 0.016
20000, 0.014
22000, 0.042
24000, 0.013
26000, 0.05
28000, -0.041
30000, 0.026
32000, 0.027
34000, 0.01
36000, 0.015
38000, 0.045
40000, 0.04
42000, 0.004
44000, 0.055
46000, 0.049
48000, 0.064
50000, 0.019
52000, 0.035
54000, 0.025
56000, 0.066
58000, 0.042
60000, 0.022
62000, 0.043
64000, 0.061
66000, 0.06
68000, 0.079
70000, 0.089
72000, 0.071
74000, 0.023
76000, 0.025
78000, 0.053
80000, 0.017
82000, 0.043
84000, 0.042
86000, 0.051
88000, 0.027
90000, 0.055
92000, 0.034
94000, 0.005
96000, 0.038
98000, 0.02
100000, 0.013
102000, 0.07
104000, 0.077
106000, 0.029
108000, 0.035
110000, 0.078
112000, 0.027
114000, 0.034
116000, 0.008
118000, 0.068
120000, 0.049
122000, 0.035
124000, 0.023
126000, 0.041
128000, 0.035
130000, 0.049
132000, 0.061
134000, 0.078
136000, 0.036
138000, 0.054
140000, 0.082
142000, 0.071
144000, 0.049
146000, 0.041
148000, 0.034
150000, 0.043
152000, 0.061
154000, 0.071
156000, 0.108
158000, 0.071
160000, 0.021
162000, 0.077
164000, 0.059
166000, 0.058
168000, 0.038
170000, 0.071
172000, 0.023
174000, 0.049
176000, 0.044
178000, 0.018
180000, 0.041
182000, 0.049
184000, 0.064
186000, 0.059
188000, 0.048
190000, 0.042
192000, 0.05
194000, 0.051
196000, 0.068
198000, 0.08
200000, 0.085
