2000, -0.0755
4000, -0.051
6000, -0.072
8000, -0.051
10000, -0.076
12000, -0.034
14000, -0.029
16000, -0.06
18000, -0.055
20000, -0.085
22000, -0.07
24000, -0.011
26000, -0.058
28000, -0.05
30000, -0.053
32000, -0.064
34000, -0.056
36000, -0.014
38000, -0.053
40000, 0.007
42000, -0.026
44000, -0.09
46000, -0.017
48000, -0.043
50000, -0.049
52000, -0.019
54000, 0.0
56000, -0.018
58000, -0.02
60000, -0.06
62000, -0.044
64000, -0.037
66000, -0.01
68000, -0.04
70000, -0.053
72000, -0.031
74000, -0.007
76000, -0.032
78000, -0.055
80000, -0.041
82000, -0.024
84000, -0.024
86000, -0.043
88000, -0.051
90000, -0.057
92000, -0.071
94000, -0.023
96000, -0.078
98000, -0.066
100000, -0.085
102000, -0.083
104000, -0.057
106000, -0.074
108000, -0.078
110000, -0.023
112000, -0.058
114000, -0.081
116000, -0.069
118000, -0.072
120000, -0.032
122000, -0.039
124000, -0.068
126000, -0.07
128000, -0.075
130000, -0.05
132000, -0.056
134000, -0.083
136000, -0.058
138000, -0.06
140000, -0.072
142000, -0.093
144000, -0.102
146000, -0.095
148000, -0.082
150000, -0.089
152000, -0.064
154000, -0.082
156000, -0.056
158000, -0.097
160000, -0.073
162000, -0.051
164000, -0.07
166000, -0.053
168000, -0.055
170000, -0.056
172000, -0.025
174000, -0.017
176000, -0.035
178000, -0.022
180000, -0.039
182000, -0.086
184000, -0.058
186000, -0.098
188000, -0.092
190000, -0.084
192000, -0.049
194000, -0.078
196000, -0.079
198000, -0.003
200000, -0.015
