2000, 0.0855
4000, 0.071
2000, 0.0485
4000, 0.039
6000, 0.025
8000, 0.026
10000, 0.049
12000, 0.025
14000, 0.032
16000, 0.019
18000, 0.046
20000, 0.046
22000, 0.019
24000, 0.077
26000, 0.091
28000, -0.006
30000, 0.074
32000, 0.052
34000, 0.036
36000, 0.035
38000, 0.058
40000, 0.078
42000, 0.061
44000, 0.059
46000, 0.057
48000, 0.079
50000, 0.051
52000, 0.083
54000, 0.051
56000, 0.055
58000, 0.079
60000, 0.036
62000, 0.035
64000, 0.045
66000, 0.055
68000, 0.013
70000, 0.053
72000, 0.104
74000, 0.014
76000, 0.043
78000, 0.051
80000, 0.053
82000, 0.087
84000, 0.03
86000, 0.034
88000, 0.047
90000, 0.053
92000, 0.033
94000, 0.048
96000, 0.049
98000, 0.01
100000, 0.042
102000, 0.071
104000, 0.076
106000, 0.029
108000, 0.03
110000, 0.04
112000, 0.039
114000, 0.026
116000, 0.079
118000, 0.098
120000, 0.049
122000, 0.068
124000, 0.059
126000, 0.03
128000, 0.026
130000, 0.062
132000, 0.048
134000, 0.017
136000, 0.081
138000, 0.05
140000, 0.067
142000, 0.085
144000, 0.012
146000, 0.085
148000, 0.071
150000, 0.045
152000, 0.092
154000, 0.058
156000, 0.08
158000, 0.056
160000, 0.04
162000, 0.083
164000, 0.048
166000, 0.041
168000, 0.082
170000, 0.062
172000, 0.087
174000, 0.132
176000, 0.059
178000, 0.055
180000, 0.056
182000, 0.087
184000, 0.071
186000, 0.089
188000, 0.063
190000, 0.064
192000, 0.039
194000, 0.051
196000, 0.067
198000, 0.065
200000, 0.057
202000, 0.047
204000, 0.028
206000, 0.027
208000, 0.083
210000, 0.053
212000, 0.046
214000, 0.039
216000, 0.043
218000, 0.046
220000, 0.093
222000, 0.04
224000, 0.066
226000, 0.017
228000, 0.052
230000, 0.079
232000, 0.027
234000, 0.022
236000, 0.052
238000, 0.024
240000, 0.043
242000, 0.011
244000, 0.052
246000, 0.07
248000, 0.039
250000, 0.05
252000, 0.087
254000, 0.036
256000, 0.023
258000, 0.014
260000, 0.045
262000, 0.05
264000, 0.041
266000, 0.023
268000, 0.024
270000, 0.024
272000, 0.019
274000, 0.034
276000, 0.008
278000, -0.009
280000, 0.003
282000, 0.017
284000, 0.014
286000, -0.009
288000, -0.009
290000, 0.025
292000, 0.022
294000, -0.024
296000, -0.001
298000, 0.004
300000, 0.025
302000, -0.032
304000, -0.008
306000, 0.004
308000, -0.049
310000, -0.045
312000, -0.015
314000, 0.019
316000, 0.017
318000, 0.028
320000, 0.031
322000, 0.022
324000, 0.057
326000, 0.06
328000, 0.048
330000, 0.064
332000, 0.094
334000, 0.059
336000, 0.033
338000, 0.087
340000, 0.085
342000, 0.098
344000, 0.09
346000, 0.095
348000, 0.137
350000, 0.131
352000, 0.095
354000, 0.144
356000, 0.132
358000, 0.148
360000, 0.179
362000, 0.184
364000, 0.142
366000, 0.139
368000, 0.196
370000, 0.17
372000, 0.168
374000, 0.199
376000, 0.166
378000, 0.155
380000, 0.184
382000, 0.19
384000, 0.181
386000, 0.198
388000, 0.173
390000, 0.193
392000, 0.224
394000, 0.21
396000, 0.218
398000, 0.236
400000, 0.273
402000, 0.2505
404000, 0.26
406000, 0.231
408000, 0.213
410000, 0.263
412000, 0.275
414000, 0.261
416000, 0.247
418000, 0.285
420000, 0.255
422000, 0.262
424000, 0.248
426000, 0.268
428000, 0.271
430000, 0.277
432000, 0.275
434000, 0.291
436000, 0.27
438000, 0.281
440000, 0.301
442000, 0.294
444000, 0.245
446000, 0.286
448000, 0.242
450000, 0.289
452000, 0.281
454000, 0.282
456000, 0.288
458000, 0.314
460000, 0.277
462000, 0.296
464000, 0.252
466000, 0.281
468000, 0.293
470000, 0.293
472000, 0.291
474000, 0.304
476000, 0.292
478000, 0.332
480000, 0.308
482000, 0.346
484000, 0.323
486000, 0.327
488000, 0.322
490000, 0.344
492000, 0.355
494000, 0.315
496000, 0.282
498000, 0.343
500000, 0.32
502000, 0.353
504000, 0.365
506000, 0.362
508000, 0.383
510000, 0.379
512000, 0.341
514000, 0.388
516000, 0.378
518000, 0.4
520000, 0.352
522000, 0.376
524000, 0.356
526000, 0.356
528000, 0.354
530000, 0.385
532000, 0.343
534000, 0.353
536000, 0.341
538000, 0.356
540000, 0.369
542000, 0.379
544000, 0.336
546000, 0.393
548000, 0.367
550000, 0.381
552000, 0.382
554000, 0.372
556000, 0.361
558000, 0.369
560000, 0.375
562000, 0.378
564000, 0.352
566000, 0.372
568000, 0.358
570000, 0.366
572000, 0.37
574000, 0.354
576000, 0.377
578000, 0.383
580000, 0.379
582000, 0.363
584000, 0.392
586000, 0.366
588000, 0.374
590000, 0.425
592000, 0.375
594000, 0.406
596000, 0.378
598000, 0.406
600000, 0.378
602000, 0.4185
604000, 0.365
606000, 0.442
608000, 0.358
610000, 0.375
612000, 0.404
614000, 0.399
616000, 0.427
618000, 0.42
620000, 0.412
622000, 0.345
624000, 0.402
626000, 0.39
628000, 0.43
630000, 0.414
632000, 0.384
634000, 0.415
636000, 0.361
638000, 0.378
640000, 0.403
642000, 0.376
644000, 0.391
646000, 0.369
648000, 0.395
650000, 0.41
652000, 0.373
654000, 0.375
656000, 0.425
658000, 0.37
660000, 0.414
662000, 0.388
664000, 0.399
666000, 0.383
668000, 0.405
670000, 0.402
672000, 0.415
674000, 0.437
676000, 0.376
678000, 0.408
680000, 0.423
682000, 0.445
684000, 0.397
686000, 0.41
688000, 0.395
690000, 0.39
692000, 0.429
694000, 0.467
696000, 0.423
698000, 0.452
700000, 0.392
702000, 0.409
704000, 0.4
706000, 0.399
708000, 0.395
710000, 0.431
712000, 0.395
714000, 0.393
716000, 0.432
718000, 0.396
720000, 0.392
722000, 0.416
724000, 0.405
726000, 0.398
728000, 0.431
730000, 0.444
732000, 0.478
734000, 0.411
736000, 0.424
738000, 0.4
740000, 0.422
742000, 0.396
744000, 0.397
746000, 0.378
748000, 0.408
750000, 0.432
752000, 0.4
754000, 0.431
756000, 0.417
758000, 0.42
760000, 0.435
762000, 0.456
764000, 0.446
766000, 0.437
768000, 0.424
770000, 0.46
772000, 0.394
774000, 0.44
776000, 0.426
778000, 0.405
780000, 0.454
782000, 0.406
784000, 0.415
786000, 0.421
788000, 0.477
790000, 0.449
792000, 0.449
794000, 0.42
796000, 0.376
798000, 0.422
800000, 0.382
802000, 0.4385
804000, 0.417
806000, 0.449
808000, 0.418
810000, 0.447
812000, 0.444
814000, 0.44
816000, 0.436
818000, 0.416
820000, 0.442
822000, 0.439
824000, 0.438
826000, 0.432
828000, 0.457
830000, 0.403
832000, 0.437
834000, 0.444
836000, 0.422
838000, 0.404
840000, 0.414
842000, 0.428
844000, 0.465
846000, 0.423
848000, 0.395
850000, 0.439
852000, 0.411
854000, 0.437
856000, 0.431
858000, 0.449
860000, 0.453
862000, 0.419
864000, 0.448
866000, 0.451
868000, 0.438
870000, 0.458
872000, 0.473
874000, 0.454
876000, 0.426
878000, 0.431
880000, 0.448
882000, 0.457
884000, 0.431
886000, 0.458
888000, 0.433
890000, 0.442
892000, 0.429
894000, 0.414
896000, 0.435
898000, 0.418
900000, 0.434
902000, 0.427
904000, 0.47
906000, 0.398
908000, 0.465
910000, 0.452
912000, 0.45
914000, 0.427
916000, 0.447
918000, 0.43
920000, 0.423
922000, 0.434
924000, 0.426
926000, 0.434
928000, 0.398
930000, 0.456
932000, 0.43
934000, 0.467
936000, 0.466
938000, 0.464
940000, 0.469
942000, 0.404
944000, 0.472
946000, 0.469
948000, 0.432
950000, 0.46
952000, 0.472
954000, 0.456
956000, 0.445
958000, 0.417
960000, 0.463
962000, 0.473
964000, 0.468
966000, 0.461
968000, 0.459
970000, 0.47
972000, 0.469
974000, 0.472
976000, 0.472
978000, 0.46
980000, 0.501
982000, 0.443
984000, 0.442
986000, 0.463
988000, 0.47
990000, 0.445
992000, 0.478
994000, 0.462
996000, 0.454
998000, 0.458
1000000, 0.454
1002000, 0.4595
1004000, 0.464
1006000, 0.461
1008000, 0.457
1010000, 0.411
1012000, 0.438
1014000, 0.436
1016000, 0.439
1018000, 0.41
1020000, 0.462
1022000, 0.47
1024000, 0.427
1026000, 0.471
1028000, 0.437
1030000, 0.485
1032000, 0.456
1034000, 0.454
1036000, 0.48
1038000, 0.472
1040000, 0.446
1042000, 0.443
1044000, 0.431
1046000, 0.452
1048000, 0.398
1050000, 0.424
1052000, 0.456
1054000, 0.442
1056000, 0.461
1058000, 0.434
1060000, 0.448
1062000, 0.469
1064000, 0.419
1066000, 0.446
1068000, 0.481
1070000, 0.461
1072000, 0.497
1074000, 0.517
1076000, 0.483
1078000, 0.479
1080000, 0.494
1082000, 0.502
1084000, 0.481
1086000, 0.469
1088000, 0.437
1090000, 0.467
1092000, 0.452
1094000, 0.504
1096000, 0.462
1098000, 0.447
1100000, 0.464
1102000, 0.46
1104000, 0.463
1106000, 0.48
1108000, 0.476
1110000, 0.533
1112000, 0.5
1114000, 0.486
1116000, 0.465
1118000, 0.508
1120000, 0.47
1122000, 0.495
1124000, 0.433
1126000, 0.471
1128000, 0.426
1130000, 0.482
1132000, 0.46
1134000, 0.46
1136000, 0.46
1138000, 0.439
1140000, 0.434
1142000, 0.496
1144000, 0.439
1146000, 0.464
1148000, 0.481
1150000, 0.48
1152000, 0.485
1154000, 0.451
1156000, 0.46
1158000, 0.48
1160000, 0.446
1162000, 0.459
1164000, 0.476
1166000, 0.453
1168000, 0.466
1170000, 0.463
1172000, 0.465
1174000, 0.434
1176000, 0.418
1178000, 0.432
1180000, 0.482
1182000, 0.438
1184000, 0.452
1186000, 0.474
1188000, 0.462
1190000, 0.464
1192000, 0.471
1194000, 0.488
1196000, 0.475
1198000, 0.446
1200000, 0.455
1202000, 0.456
1204000, 0.497
1206000, 0.414
1208000, 0.443
1210000, 0.429
1212000, 0.454
1214000, 0.448
1216000, 0.452
1218000, 0.485
1220000, 0.472
1222000, 0.486
1224000, 0.46
1226000, 0.476
1228000, 0.453
1230000, 0.515
1232000, 0.501
1234000, 0.48
1236000, 0.497
1238000, 0.489
1240000, 0.481
1242000, 0.453
1244000, 0.489
1246000, 0.455
1248000, 0.443
1250000, 0.482
1252000, 0.482
1254000, 0.489
1256000, 0.458
1258000, 0.463
1260000, 0.527
1262000, 0.495
1264000, 0.483
1266000, 0.517
1268000, 0.483
1270000, 0.497
1272000, 0.494
1274000, 0.5
1276000, 0.491
1278000, 0.476
1280000, 0.486
1282000, 0.457
1284000, 0.474
1286000, 0.448
1288000, 0.484
1290000, 0.505
1292000, 0.473
1294000, 0.444
1296000, 0.43
1298000, 0.468
1300000, 0.464
1302000, 0.467
1304000, 0.465
1306000, 0.434
1308000, 0.465
1310000, 0.427
1312000, 0.46
1314000, 0.472
1316000, 0.468
1318000, 0.462
1320000, 0.474
1322000, 0.512
1324000, 0.487
1326000, 0.47
1328000, 0.479
1330000, 0.487
1332000, 0.464
1334000, 0.501
1336000, 0.498
1338000, 0.482
1340000, 0.514
1342000, 0.477
1344000, 0.533
1346000, 0.535
1348000, 0.492
1350000, 0.517
1352000, 0.491
1354000, 0.508
1356000, 0.484
1358000, 0.502
1360000, 0.501
1362000, 0.488
1364000, 0.497
1366000, 0.487
1368000, 0.502
1370000, 0.475
1372000, 0.488
1374000, 0.508
1376000, 0.486
1378000, 0.507
1380000, 0.485
1382000, 0.475
1384000, 0.47
1386000, 0.491
1388000, 0.442
1390000, 0.463
1392000, 0.416
1394000, 0.5
1396000, 0.471
1398000, 0.488
1400000, 0.493
1402000, 0.475
1404000, 0.463
1406000, 0.454
1408000, 0.483
1410000, 0.503
1412000, 0.437
1414000, 0.486
1416000, 0.475
1418000, 0.49
1420000, 0.484
1422000, 0.434
1424000, 0.459
1426000, 0.455
1428000, 0.539
1430000, 0.528
1432000, 0.532
1434000, 0.51
1436000, 0.496
1438000, 0.493
1440000, 0.475
1442000, 0.51
1444000, 0.489
1446000, 0.491
1448000, 0.487
1450000, 0.516
1452000, 0.504
1454000, 0.487
1456000, 0.483
1458000, 0.504
1460000, 0.49
1462000, 0.489
1464000, 0.518
1466000, 0.522
1468000, 0.502
1470000, 0.529
1472000, 0.497
1474000, 0.501
1476000, 0.441
1478000, 0.508
1480000, 0.461
1482000, 0.447
1484000, 0.513
1486000, 0.458
1488000, 0.493
1490000, 0.489
1492000, 0.503
1494000, 0.504
1496000, 0.526
1498000, 0.451
1500000, 0.54
1502000, 0.498
1504000, 0.48
1506000, 0.513
1508000, 0.5
1510000, 0.521
1512000, 0.505
1514000, 0.486
1516000, 0.478
1518000, 0.465
1520000, 0.459
1522000, 0.458
1524000, 0.444
1526000, 0.477
1528000, 0.543
1530000, 0.481
1532000, 0.485
1534000, 0.456
1536000, 0.491
1538000, 0.447
1540000, 0.492
1542000, 0.462
1544000, 0.46
1546000, 0.491
1548000, 0.497
1550000, 0.509
1552000, 0.486
1554000, 0.48
1556000, 0.477
1558000, 0.511
1560000, 0.456
1562000, 0.49
1564000, 0.485
1566000, 0.464
1568000, 0.506
1570000, 0.452
1572000, 0.472
1574000, 0.516
1576000, 0.477
1578000, 0.492
1580000, 0.47
1582000, 0.456
1584000, 0.476
1586000, 0.495
1588000, 0.515
1590000, 0.482
1592000, 0.482
1594000, 0.485
1596000, 0.445
1598000, 0.479
1600000, 0.474
1602000, 0.459
1604000, 0.477
1606000, 0.51
1608000, 0.444
1610000, 0.483
1612000, 0.494
1614000, 0.476
1616000, 0.498
1618000, 0.477
1620000, 0.5
1622000, 0.483
