2000, 0.0395
4000, -0.083
6000, -0.165
8000, -0.195
10000, -0.17
12000, -0.148
14000, -0.166
16000, -0.018
18000, 0.067
20000, 0.027
22000, -0.047
24000, 0.036
26000, 0.002
28000, -0.067
30000, -0.031
32000, 0.054
34000, 0.036
36000, -0.004
38000, 0.012
40000, 0.02
42000, -0.011
44000, 0.06
46000, -0.015
48000, 0.001
50000, 0.039
52000, -0.036
54000, 0.003
56000, 0.036
58000, 0.038
60000, 0.026
62000, -0.003
64000, 0.012
66000, 0.01
68000, -0.055
70000, -0.01
72000, -0.02
74000, 0.055
76000, 0.033
78000, -0.051
80000, 0.021
82000, 0.043
84000, 0.004
86000, -0.003
88000, 0.022
90000, -0.009
92000, -0.032
94000, -0.021
96000, 0.063
98000, -0.04
100000, -0.044
102000, 0.058
104000, 0.009
106000, -0.048
108000, 0.03
110000, 0.029
112000, -0.004
114000, -0.013
116000, -0.017
118000, 0.008
120000, 0.038
122000, 0.016
124000, -0.01
126000, -0.073
128000, -0.046
130000, -0.006
132000, 0.032
134000, 0.02
136000, -0.002
138000, 0.03
140000, 0.033
142000, -0.037
144000, 0.025
146000, 0.031
148000, -0.01
150000, 0.024
152000, -0.046
154000, 0.028
156000, 0.002
158000, 0.003
160000, 0.0
162000, -0.001
164000, 0.028
166000, -0.014
168000, 0.018
170000, -0.018
172000, 0.042
174000, -0.03
176000, -0.002
178000, 0.029
180000, 0.036
182000, -0.008
184000, -0.024
186000, 0.033
188000, 0.041
190000, 0.027
192000, -0.031
194000, 0.013
196000, -0.019
198000, -0.012
200000, -0.022
202000, 0.048
204000, 0.059
206000, 0.0
208000, 0.02
210000, -0.013
212000, -0.009
214000, -0.037
216000, -0.019
218000, 0.004
220000, 0.023
222000, 0.034
224000, 0.02
226000, -0.035
228000, -0.011
230000, 0.008
232000, -0.01
234000, 0.011
236000, -0.03
238000, -0.005
240000, 0.023
242000, 0.017
244000, -0.055
246000, -0.037
248000, 0.001
250000, 0.019
252000, 0.026
254000, 0.01
256000, 0.021
258000, 0.0
260000, 0.013
262000, -0.041
264000, 0.031
266000, 0.007
268000, -0.01
270000, 0.01
272000, 0.025
274000, -0.023
276000, -0.009
278000, 0.007
280000, -0.02
282000, 0.031
284000, 0.062
286000, 0.004
288000, -0.061
290000, -0.003
292000, 0.026
294000, 0.05
296000, -0.033
298000, -0.018
300000, -0.046
302000, 0.048
304000, -0.013
306000, -0.035
308000, -0.011
310000, 0.05
312000, -0.014
314000, 0.019
316000, -0.041
318000, 0.004
320000, -0.05
322000, -0.047
324000, 0.05
326000, 0.009
328000, -0.02
330000, -0.001
332000, 0.032
334000, -0.004
336000, -0.007
338000, -0.029
340000, -0.019
342000, 0.043
344000, 0.01
346000, 0.025
348000, -0.048
350000, 0.032
352000, 0.009
354000, -0.021
356000, -0.015
358000, 0.03
360000, -0.05
362000, -0.005
364000, -0.028
366000, 0.002
368000, -0.005
370000, -0.008
372000, 0.013
374000, -0.01
376000, -0.025
378000, 0.018
380000, 0.036
382000, -0.009
384000, 0.003
386000, -0.013
388000, -0.004
390000, 0.022
392000, -0.031
394000, 0.012
396000, 0.01
398000, -0.011
400000, -0.009
