2000, 0.1115
4000, 0.097
6000, 0.129
8000, 0.152
10000, 0.079
12000, 0.135
14000, 0.143
16000, 0.13
18000, 0.16
20000, 0.123
22000, 0.114
24000, 0.174
26000, 0.193
28000, 0.124
30000, 0.196
32000, 0.124
34000, 0.173
36000, 0.159
38000, 0.151
40000, 0.194
42000, 0.174
44000, 0.206
46000, 0.208
48000, 0.233
50000, 0.207
52000, 0.221
54000, 0.197
56000, 0.195
58000, 0.206
60000, 0.185
62000, 0.204
64000, 0.243
66000, 0.207
68000, 0.279
70000, 0.191
72000, 0.204
74000, 0.232
76000, 0.238
78000, 0.217
80000, 0.211
82000, 0.211
84000, 0.21
86000, 0.222
88000, 0.195
90000, 0.224
92000, 0.232
94000, 0.256
96000, 0.248
98000, 0.239
100000, 0.231
102000, 0.219
104000, 0.228
106000, 0.262
108000, 0.282
110000, 0.259
112000, 0.237
114000, 0.199
116000, 0.231
118000, 0.294
120000, 0.253
122000, 0.287
124000, 0.271
126000, 0.266
128000, 0.242
130000, 0.274
132000, 0.252
134000, 0.267
136000, 0.292
138000, 0.243
140000, 0.245
142000, 0.275
144000, 0.299
146000, 0.269
148000, 0.299
150000, 0.293
152000, 0.275
154000, 0.318
156000, 0.311
158000, 0.313
160000, 0.279
162000, 0.275
164000, 0.294
166000, 0.333
168000, 0.314
170000, 0.332
172000, 0.302
174000, 0.339
176000, 0.375
178000, 0.348
180000, 0.341
182000, 0.371
184000, 0.376
186000, 0.385
188000, 0.37
190000, 0.362
192000, 0.403
194000, 0.381
196000, 0.439
198000, 0.364
200000, 0.42
