2000, 0.0195
4000, 0.007
6000, -0.005
8000, 0.016
10000, 0.028
12000, 0.025
14000, 0.016
16000, -0.004
18000, 0.003
20000, -0.018
22000, 0.013
24000, 0.002
26000, 0.001
28000, 0.012
30000, -0.005
32000, 0.03
34000, 0.011
36000, 0.042
38000, -0.007
40000, -0.011
42000, 0.025
44000, 0.004
46000, 0.015
48000, 0.032
50000, 0.011
52000, 0.024
54000, 0.053
56000, 0.012
58000, 0.025
60000, -0.023
62000, 0.006
64000, 0.024
66000, 0.001
68000, 0.02
70000, 0.044
72000, -0.006
74000, 0.035
76000, -0.014
78000, 0.0
80000, 0.035
82000, 0.027
84000, 0.036
86000, 0.006
88000, 0.045
90000, 0.051
92000, 0.031
94000, 0.004
96000, 0.015
98000, -0.008
100000, 0.036
102000, 0.042
104000, 0.024
106000, 0.008
108000, 0.008
110000, 0.025
112000, 0.041
114000, 0.023
116000, 0.051
118000, 0.06
120000, 0.063
122000, 0.042
124000, 0.048
126000, 0.092
128000, 0.078
130000, 0.019
132000, 0.04
134000, 0.041
136000, 0.093
138000, 0.046
140000, -0.009
142000, 0.044
144000, 0.056
146000, 0.075
148000, 0.016
150000, 0.07
152000, 0.047
154000, 0.084
156000, 0.045
158000, 0.046
160000, 0.098
162000, 0.081
164000, 0.092
166000, 0.046
168000, 0.096
170000, 0.07
172000, 0.081
174000, 0.081
176000, 0.114
178000, 0.078
180000, 0.082
182000, 0.085
184000, 0.095
186000, 0.086
188000, 0.105
190000, 0.068
192000, 0.063
194000, 0.095
196000, 0.058
198000, 0.097
200000, 0.062
