2000, 0.0265
4000, -0.017
6000, -0.195
8000, -0.25
10000, -0.341
12000, -0.386
14000, -0.475
16000, -0.42
18000, -0.185
20000, -0.157
22000, -0.095
24000, -0.016
26000, -0.009
28000, -0.054
30000, -0.035
32000, 0.001
34000, -0.027
36000, -0.026
38000, -0.042
40000, -0.038
42000, -0.027
44000, -0.062
46000, 0.014
48000, -0.041
50000, -0.041
52000, -0.007
54000, -0.006
56000, -0.036
58000, -0.012
60000, -0.067
62000, -0.037
64000, -0.052
66000, -0.066
68000, -0.002
70000, -0.009
72000, -0.041
74000, -0.038
76000, -0.01
78000, -0.004
80000, -0.06
82000, -0.054
84000, -0.023
86000, -0.05
88000, -0.009
90000, -0.046
92000, -0.037
94000, -0.052
96000, -0.005
98000, -0.013
100000, -0.039
102000, -0.036
104000, -0.047
106000, 0.008
108000, 0.012
110000, -0.044
112000, -0.016
114000, -0.027
116000, -0.025
118000, -0.065
120000, -0.041
122000, 0.02
124000, -0.001
126000, -0.025
128000, -0.016
130000, -0.045
132000, -0.052
134000, -0.034
136000, -0.019
138000, -0.037
140000, 0.007
142000, -0.004
144000, -0.021
146000, -0.004
148000, 0.013
150000, -0.006
152000, -0.013
154000, -0.039
156000, 0.001
158000, -0.032
160000, -0.06
162000, -0.053
164000, -0.038
166000, 0.034
168000, -0.01
170000, -0.019
172000, -0.058
174000, -0.024
176000, 0.001
178000, -0.024
180000, -0.03
182000, -0.027
184000, -0.053
186000, -0.043
188000, -0.003
190000, -0.042
192000, 0.004
194000, -0.029
196000, 0.009
198000, -0.01
200000, -0.028
202000, -0.044
204000, -0.015
206000, -0.023
208000, -0.028
210000, -0.019
212000, -0.045
214000, 0.01
216000, -0.03
218000, -0.034
220000, -0.023
222000, -0.034
224000, -0.003
226000, -0.032
228000, -0.022
230000, 0.001
232000, -0.026
234000, 0.001
236000, -0.042
238000, -0.044
240000, -0.05
242000, 0.036
244000, -0.005
246000, -0.014
248000, -0.026
250000, 0.013
252000, -0.035
254000, -0.043
256000, -0.028
258000, -0.002
260000, -0.002
262000, -0.061
264000, -0.013
266000, -0.026
268000, 0.001
270000, -0.01
272000, -0.01
274000, -0.001
276000, -0.05
278000, -0.021
280000, -0.071
282000, -0.021
284000, -0.029
286000, -0.006
288000, -0.047
290000, 0.0
292000, 0.001
294000, 0.004
296000, -0.012
298000, -0.038
300000, -0.048
302000, -0.025
304000, -0.035
306000, -0.016
308000, -0.037
310000, -0.036
312000, 0.041
314000, -0.062
316000, -0.049
318000, -0.025
320000, -0.026
322000, -0.045
324000, -0.028
326000, 0.022
328000, -0.002
330000, -0.039
332000, -0.049
334000, -0.061
336000, -0.024
338000, 0.0
340000, 0.012
342000, -0.062
344000, -0.023
346000, -0.019
348000, -0.026
350000, -0.032
352000, -0.002
354000, 0.001
356000, 0.024
358000, -0.052
360000, -0.043
362000, -0.001
364000, -0.046
366000, 0.029
368000, -0.044
370000, -0.029
372000, -0.026
374000, -0.008
376000, -0.039
378000, 0.001
380000, -0.003
382000, -0.039
384000, -0.041
386000, -0.032
388000, -0.005
390000, -0.036
392000, -0.035
394000, -0.081
396000, 0.007
398000, -0.041
400000, -0.056
