2000, 0.0255
4000, 0.03
6000, 0.032
8000, 0.015
10000, 0.045
12000, 0.078
14000, 0.085
16000, 0.048
18000, 0.05
20000, 0.041
22000, 0.061
24000, 0.005
26000, 0.048
28000, 0.091
30000, 0.091
32000, 0.043
34000, 0.09
36000, 0.045
38000, 0.057
40000, 0.09
42000, 0.103
44000, 0.067
46000, 0.066
48000, 0.027
50000, 0.04
52000, 0.049
54000, 0.051
56000, 0.041
58000, 0.042
60000, 0.057
62000, 0.03
64000, 0.046
66000, 0.034
68000, 0.064
70000, 0.095
72000, 0.081
74000, 0.061
76000, 0.051
78000, 0.068
80000, 0.055
82000, 0.068
84000, 0.032
86000, 0.021
88000, 0.053
90000, 0.052
92000, 0.054
94000, 0.086
96000, 0.062
98000, -0.004
100000, 0.073
102000, 0.041
104000, 0.057
106000, 0.051
108000, 0.096
110000, 0.062
112000, 0.064
114000, 0.055
116000, 0.042
118000, 0.058
120000, 0.017
122000, 0.071
124000, 0.097
126000, 0.066
128000, 0.058
130000, 0.096
132000, 0.059
134000, 0.056
136000, 0.038
138000, 0.081
140000, 0.064
142000, 0.043
144000, 0.085
146000, 0.083
148000, 0.133
150000, 0.073
152000, 0.084
154000, 0.011
156000, 0.037
158000, 0.077
160000, 0.093
162000, 0.049
164000, 0.087
166000, 0.092
168000, 0.112
170000, 0.118
172000, 0.085
174000, 0.062
176000, 0.111
178000, 0.129
180000, 0.099
182000, 0.12
184000, 0.053
186000, 0.079
188000, 0.093
190000, 0.122
192000, 0.121
194000, 0.117
196000, 0.09
198000, 0.078
200000, 0.104
