2000, 0.1385
4000, 0.137
6000, 0.039
8000, -0.069
10000, -0.091
12000, 0.042
14000, 0.015
16000, -0.013
18000, 0.054
20000, -0.019
22000, -0.028
24000, 0.011
26000, 0.096
28000, -0.016
30000, -0.144
32000, 0.107
34000, 0.118
36000, -0.152
38000, -0.043
40000, 0.229
42000, -0.089
44000, -0.101
46000, 0.146
48000, 0.099
50000, -0.235
52000, 0.088
54000, 0.199
56000, -0.137
58000, -0.138
60000, 0.184
62000, 0.041
64000, -0.193
66000, 0.092
68000, 0.14
70000, -0.189
72000, 0.022
74000, 0.134
76000, -0.041
78000, -0.061
80000, 0.047
82000, 0.01
84000, -0.023
86000, -0.008
88000, 0.053
90000, -0.031
92000, -0.028
94000, 0.056
96000, 0.005
98000, -0.088
100000, 0.088
102000, 0.098
104000, -0.116
106000, -0.072
108000, 0.129
110000, 0.017
112000, -0.192
114000, 0.124
116000, 0.087
118000, -0.132
120000, -0.004
122000, 0.112
124000, -0.049
126000, -0.056
128000, 0.072
130000, 0.088
132000, -0.423
134000, 0.211
136000, 0.237
138000, -0.577
140000, 0.259
142000, 0.367
144000, -0.649
146000, 0.176
148000, 0.45
150000, -0.514
152000, -0.041
154000, 0.572
156000, -0.334
158000, -0.367
160000, 0.523
162000, 0.008
164000, -0.488
166000, 0.283
168000, 0.217
170000, -0.151
172000, -0.168
174000, 0.07
176000, 0.06
178000, -0.079
180000, -0.025
182000, 0.027
184000, 0.004
186000, -0.067
188000, -0.021
190000, 0.066
192000, -0.006
194000, -0.105
196000, 0.05
198000, 0.056
200000, 0.001
202000, -0.036
204000, -0.031
206000, 0.069
208000, 0.02
210000, -0.058
212000, 0.034
214000, 0.044
216000, -0.005
218000, -0.076
220000, 0.069
222000, 0.058
224000, -0.041
226000, -0.042
228000, 0.07
230000, 0.015
232000, -0.035
234000, 0.02
236000, 0.055
238000, -0.038
240000, 0.024
242000, 0.065
244000, -0.023
246000, -0.002
248000, 0.024
250000, -0.029
252000, -0.028
254000, -0.009
256000, 0.014
258000, -0.006
260000, 0.04
262000, -0.075
264000, -0.037
266000, 0.0
268000, 0.023
270000, 0.003
272000, -0.016
274000, 0.02
276000, -0.002
278000, -0.032
280000, 0.024
282000, 0.029
284000, -0.016
286000, 0.037
288000, -0.027
290000, -0.032
292000, 0.011
294000, 0.003
296000, -0.012
298000, 0.024
300000, -0.001
302000, -0.034
304000, 0.047
306000, 0.053
308000, -0.017
310000, -0.009
312000, -0.018
314000, -0.033
316000, -0.04
318000, 0.03
320000, 0.009
322000, -0.047
324000, 0.026
326000, 0.015
328000, -0.06
330000, 0.002
332000, -0.009
334000, -0.011
336000, -0.004
338000, -0.02
