2000, -0.1125
4000, -0.208
6000, -0.367
8000, -0.415
10000, -0.355
12000, -0.312
14000, -0.229
16000, -0.225
18000, -0.144
20000, -0.121
22000, -0.129
24000, -0.138
26000, -0.091
28000, -0.115
30000, -0.11
32000, -0.154
34000, -0.149
36000, -0.147
38000, -0.144
40000, -0.097
42000, -0.128
44000, -0.061
46000, -0.095
48000, -0.112
50000, -0.113
52000, -0.073
54000, -0.035
56000, -0.092
58000, -0.121
60000, -0.119
62000, -0.082
64000, -0.073
66000, -0.13
68000, -0.085
70000, -0.124
72000, -0.091
74000, -0.088
76000, -0.047
78000, -0.061
80000, -0.1
82000, -0.092
84000, -0.057
86000, -0.075
88000, -0.063
90000, -0.083
92000, -0.088
94000, -0.108
96000, -0.048
98000, -0.06
100000, -0.069
102000, -0.042
104000, -0.027
106000, -0.078
108000, -0.081
110000, -0.115
112000, -0.034
114000, -0.033
116000, -0.049
118000, -0.093
120000, -0.074
122000, -0.051
124000, -0.042
126000, -0.089
128000, -0.043
130000, -0.047
132000, -0.099
134000, -0.05
136000, -0.023
138000, -0.036
140000, -0.074
142000, -0.008
144000, -0.087
146000, -0.069
148000, -0.071
150000, -0.05
152000, -0.019
154000, -0.062
156000, -0.029
158000, -0.036
160000, -0.014
162000, -0.054
164000, -0.11
166000, -0.064
168000, -0.001
170000, -0.011
172000, -0.083
174000, -0.029
176000, -0.015
178000, -0.079
180000, -0.067
182000, -0.072
184000, -0.042
186000, -0.036
188000, -0.087
190000, -0.068
192000, -0.049
194000, -0.06
196000, -0.008
198000, -0.039
200000, -0.084
202000, -0.026
204000, -0.015
206000, -0.011
208000, -0.064
210000, -0.099
212000, 0.001
214000, -0.017
216000, -0.074
218000, 0.009
220000, -0.048
222000, -0.07
224000, -0.063
226000, 0.014
228000, -0.107
230000, -0.102
232000, -0.036
234000, -0.055
236000, -0.036
238000, -0.009
240000, -0.033
242000, -0.035
244000, -0.054
246000, -0.092
248000, -0.033
250000, 0.005
252000, -0.117
254000, -0.066
256000, -0.023
258000, 0.01
260000, -0.03
262000, -0.069
264000, -0.042
266000, -0.073
268000, -0.071
270000, 0.03
272000, -0.062
274000, -0.071
276000, -0.059
278000, -0.054
280000, -0.066
282000, -0.027
284000, -0.044
286000, -0.04
288000, -0.061
290000, -0.041
292000, -0.04
294000, -0.037
296000, -0.051
298000, -0.063
300000, -0.074
302000, -0.032
304000, -0.01
306000, 0.01
308000, -0.082
310000, -0.08
312000, -0.015
314000, 0.035
316000, -0.05
318000, -0.057
320000, -0.103
322000, -0.026
324000, 0.0
326000, -0.043
328000, -0.06
330000, -0.073
332000, 0.003
334000, -0.046
336000, -0.098
338000, -0.035
340000, -0.04
342000, -0.069
344000, -0.013
346000, -0.018
348000, -0.1
350000, -0.031
352000, 0.048
354000, -0.051
356000, -0.041
358000, -0.049
360000, -0.051
362000, -0.029
364000, -0.062
366000, -0.038
368000, -0.044
370000, -0.068
372000, -0.119
374000, 0.006
376000, -0.014
378000, -0.061
380000, -0.031
382000, -0.05
384000, -0.016
386000, -0.034
388000, -0.036
390000, -0.001
392000, -0.033
394000, -0.009
396000, -0.047
398000, 0.001
400000, -0.023
