2000, 0.0105
4000, 0.003
6000, -0.024
8000, -0.017
10000, -0.005
12000, -0.001
14000, -0.016
16000, -0.06
18000, -0.005
20000, 0.015
22000, 0.02
24000, 0.019
26000, -0.004
28000, -0.014
30000, -0.043
32000, 0.002
34000, -0.015
36000, -0.051
38000, 0.011
40000, 0.009
42000, 0.0
44000, -0.059
46000, -0.062
48000, -0.013
50000, -0.015
52000, 0.007
54000, 0.003
56000, -0.001
58000, -0.034
60000, -0.028
62000, -0.042
64000, -0.009
66000, 0.012
68000, 0.001
70000, -0.016
72000, -0.01
74000, 0.016
76000, -0.005
78000, 0.02
80000, 0.008
82000, -0.008
84000, -0.02
86000, 0.012
88000, 0.024
90000, 0.045
92000, 0.036
94000, -0.026
96000, 0.006
98000, -0.025
100000, -0.003
102000, -0.013
104000, -0.01
106000, -0.005
108000, -0.031
110000, -0.011
112000, 0.0
114000, -0.008
116000, 0.039
118000, -0.004
120000, -0.01
122000, -0.005
124000, 0.059
126000, 0.06
128000, -0.027
130000, 0.008
132000, 0.031
134000, -0.018
136000, 0.047
138000, 0.016
140000, 0.006
142000, -0.012
144000, 0.019
146000, 0.013
148000, 0.01
150000, 0.051
152000, 0.011
154000, 0.043
156000, 0.027
158000, 0.07
160000, 0.038
162000, 0.004
164000, -0.014
166000, 0.041
168000, 0.026
170000, 0.013
172000, 0.026
174000, 0.018
176000, 0.004
178000, 0.031
180000, 0.027
182000, 0.014
184000, 0.023
186000, 0.026
188000, 0.064
190000, 0.008
192000, 0.05
194000, 0.039
196000, 0.019
198000, 0.027
200000, 0.007
