2000, 0.0205
4000, -0.009
6000, 0.006
8000, 0.029
10000, 0.047
12000, 0.03
14000, 0.042
16000, 0.012
18000, 0.059
20000, 0.021
22000, 0.001
24000, 0.061
26000, 0.029
28000, 0.031
30000, 0.058
32000, 0.06
34000, 0.054
36000, 0.039
38000, 0.032
40000, 0.049
42000, 0.087
44000, 0.076
46000, 0.104
48000, 0.064
50000, 0.033
52000, 0.044
54000, 0.04
56000, 0.062
58000, 0.101
60000, 0.066
62000, 0.057
64000, 0.075
66000, 0.053
68000, 0.063
70000, 0.017
72000, 0.064
74000, 0.072
76000, 0.107
78000, 0.041
80000, 0.07
82000, 0.088
84000, 0.069
86000, 0.02
88000, 0.075
90000, 0.008
92000, 0.05
94000, 0.085
96000, 0.037
98000, 0.088
100000, 0.087
102000, 0.084
104000, 0.099
106000, 0.072
108000, 0.071
110000, 0.054
112000, 0.102
114000, 0.031
116000, 0.036
118000, 0.084
120000, 0.09
122000, 0.054
124000, 0.084
126000, 0.06
128000, 0.078
130000, 0.057
132000, 0.047
134000, 0.125
136000, 0.043
138000, 0.015
140000, 0.059
142000, 0.036
144000, 0.03
146000, 0.029
148000, 0.08
150000, 0.051
152000, 0.076
154000, 0.067
156000, 0.086
158000, 0.045
160000, 0.064
162000, 0.063
164000, 0.076
166000, 0.073
168000, 0.089
170000, 0.127
172000, 0.046
174000, 0.107
176000, 0.062
178000, 0.062
180000, 0.064
182000, 0.04
184000, 0.046
186000, 0.071
188000, 0.08
190000, 0.056
192000, 0.065
194000, 0.079
196000, 0.093
198000, 0.071
200000, 0.106
