2000, -0.2715
4000, -0.298
6000, -0.264
8000, -0.267
10000, -0.172
12000, -0.188
14000, -0.217
16000, -0.141
18000, -0.024
20000, -0.032
22000, 0.005
24000, -0.02
26000, -0.004
28000, -0.016
30000, 0.009
32000, -0.031
34000, -0.028
36000, 0.002
38000, -0.02
40000, -0.044
42000, -0.063
44000, -0.01
46000, -0.013
48000, -0.021
50000, 0.006
52000, -0.004
54000, 0.01
56000, -0.024
58000, -0.005
60000, -0.022
62000, 0.017
64000, 0.017
66000, 0.016
68000, -0.022
70000, 0.004
72000, -0.046
74000, -0.002
76000, -0.008
78000, -0.034
80000, 0.006
82000, 0.024
84000, -0.013
86000, -0.002
88000, -0.018
90000, -0.045
92000, -0.056
94000, -0.022
96000, 0.027
98000, -0.03
100000, -0.034
102000, -0.03
104000, -0.029
106000, -0.013
108000, 0.009
110000, -0.001
112000, 0.011
114000, -0.01
116000, -0.023
118000, -0.06
120000, -0.001
122000, 0.03
124000, 0.001
126000, -0.007
128000, -0.015
130000, -0.016
132000, 0.041
134000, -0.004
136000, 0.003
138000, -0.013
140000, -0.066
142000, 0.008
144000, 0.01
146000, 0.01
148000, -0.035
150000, 0.027
152000, -0.024
154000, 0.02
156000, -0.027
158000, -0.05
160000, 0.0
162000, -0.023
164000, 0.02
166000, -0.025
168000, 0.031
170000, -0.008
172000, -0.001
174000, -0.019
176000, 0.018
178000, -0.017
180000, 0.028
182000, -0.049
184000, -0.053
186000, -0.023
188000, 0.052
190000, -0.045
192000, 0.019
194000, -0.008
196000, -0.004
198000, -0.045
200000, 0.004
202000, -0.018
204000, 0.016
206000, -0.043
208000, 0.024
