2000, -0.0135
4000, -0.001
6000, -0.009
8000, 0.021
10000, -0.004
12000, -0.026
14000, -0.037
16000, -0.014
18000, 0.02
20000, 0.003
22000, 0.023
24000, -0.041
26000, -0.04
28000, 0.009
30000, 0.02
32000, 0.009
34000, 0.035
36000, -0.036
38000, 0.006
40000, -0.005
42000, 0.024
44000, 0.001
46000, 0.01
48000, -0.021
50000, -0.034
52000, -0.027
54000, 0.011
56000, 0.061
58000, 0.0
60000, -0.014
62000, 0.013
64000, 0.013
66000, -0.004
68000, 0.018
70000, 0.022
72000, 0.042
74000, 0.003
76000, 0.048
78000, 0.02
80000, 0.03
82000, 0.003
84000, 0.049
86000, 0.04
88000, 0.03
90000, -0.011
92000, 0.001
94000, 0.032
96000, 0.009
98000, 0.013
100000, 0.006
102000, 0.06
104000, 0.071
106000, 0.044
108000, 0.021
110000, 0.111
112000, 0.045
114000, 0.053
116000, 0.06
118000, 0.03
120000, 0.056
122000, 0.085
124000, 0.061
126000, 0.075
128000, 0.069
130000, 0.046
132000, 0.076
134000, 0.027
136000, 0.075
138000, 0.056
140000, 0.057
142000, 0.108
144000, 0.075
146000, 0.108
148000, 0.096
150000, 0.065
152000, 0.075
154000, 0.091
156000, 0.091
158000, 0.081
160000, 0.102
162000, 0.093
164000, 0.073
166000, 0.086
168000, 0.101
170000, 0.094
172000, 0.06
174000, 0.068
176000, 0.105
178000, 0.063
180000, 0.093
182000, 0.103
184000, 0.123
186000, 0.098
188000, 0.152
190000, 0.096
192000, 0.106
194000, 0.093
196000, 0.097
198000, 0.102
200000, 0.109
202000, 0.1075
204000, 0.132
206000, 0.151
208000, 0.146
210000, 0.172
212000, 0.143
214000, 0.167
216000, 0.169
218000, 0.129
220000, 0.169
222000, 0.166
224000, 0.193
226000, 0.178
228000, 0.197
230000, 0.148
232000, 0.155
234000, 0.157
236000, 0.195
238000, 0.211
240000, 0.186
242000, 0.16
244000, 0.216
246000, 0.215
248000, 0.2
250000, 0.219
252000, 0.193
254000, 0.189
256000, 0.168
258000, 0.164
260000, 0.186
262000, 0.171
264000, 0.202
266000, 0.208
268000, 0.185
270000, 0.199
272000, 0.256
274000, 0.252
276000, 0.218
278000, 0.216
280000, 0.209
282000, 0.247
284000, 0.247
286000, 0.212
288000, 0.251
290000, 0.227
292000, 0.232
294000, 0.224
296000, 0.216
298000, 0.199
300000, 0.245
302000, 0.209
304000, 0.198
306000, 0.248
308000, 0.22
310000, 0.232
312000, 0.243
314000, 0.251
316000, 0.254
318000, 0.22
320000, 0.267
322000, 0.212
324000, 0.217
326000, 0.239
328000, 0.245
330000, 0.232
332000, 0.3
334000, 0.225
336000, 0.256
338000, 0.236
340000, 0.262
342000, 0.213
344000, 0.256
346000, 0.249
348000, 0.259
350000, 0.231
352000, 0.216
354000, 0.274
356000, 0.28
358000, 0.202
360000, 0.252
362000, 0.241
364000, 0.281
366000, 0.251
368000, 0.247
370000, 0.203
372000, 0.266
374000, 0.248
376000, 0.247
378000, 0.267
380000, 0.256
382000, 0.244
384000, 0.248
386000, 0.239
388000, 0.262
390000, 0.259
392000, 0.241
394000, 0.241
396000, 0.231
398000, 0.279
400000, 0.274
402000, 0.244
404000, 0.23
406000, 0.235
408000, 0.277
410000, 0.265
412000, 0.253
414000, 0.249
416000, 0.29
418000, 0.299
420000, 0.279
422000, 0.251
424000, 0.283
426000, 0.258
428000, 0.308
430000, 0.303
432000, 0.292
434000, 0.253
436000, 0.327
438000, 0.282
440000, 0.262
442000, 0.271
444000, 0.277
446000, 0.245
448000, 0.296
450000, 0.265
452000, 0.318
454000, 0.31
456000, 0.302
458000, 0.25
460000, 0.295
462000, 0.288
464000, 0.314
466000, 0.301
468000, 0.292
470000, 0.314
472000, 0.322
474000, 0.355
476000, 0.261
478000, 0.277
480000, 0.27
482000, 0.255
484000, 0.298
486000, 0.265
488000, 0.281
490000, 0.296
492000, 0.308
494000, 0.273
496000, 0.27
498000, 0.278
500000, 0.283
502000, 0.326
504000, 0.293
506000, 0.3
508000, 0.293
510000, 0.289
512000, 0.268
514000, 0.263
516000, 0.275
518000, 0.305
520000, 0.236
522000, 0.286
524000, 0.294
526000, 0.284
528000, 0.272
530000, 0.314
532000, 0.315
534000, 0.237
536000, 0.305
538000, 0.278
540000, 0.305
542000, 0.27
544000, 0.325
546000, 0.305
548000, 0.297
550000, 0.286
552000, 0.305
554000, 0.299
556000, 0.295
558000, 0.374
560000, 0.286
562000, 0.269
564000, 0.329
566000, 0.317
568000, 0.306
570000, 0.273
572000, 0.328
574000, 0.311
576000, 0.282
578000, 0.278
580000, 0.312
582000, 0.31
584000, 0.277
586000, 0.308
588000, 0.303
590000, 0.3
592000, 0.259
594000, 0.271
596000, 0.297
598000, 0.297
600000, 0.312
602000, 0.293
604000, 0.328
606000, 0.294
608000, 0.295
610000, 0.333
612000, 0.351
614000, 0.321
616000, 0.315
618000, 0.279
620000, 0.333
622000, 0.319
624000, 0.362
626000, 0.35
628000, 0.332
630000, 0.336
632000, 0.344
634000, 0.301
636000, 0.347
638000, 0.274
640000, 0.29
642000, 0.276
644000, 0.338
646000, 0.301
648000, 0.296
650000, 0.319
652000, 0.337
654000, 0.366
656000, 0.315
658000, 0.317
660000, 0.292
662000, 0.332
664000, 0.302
666000, 0.313
668000, 0.34
670000, 0.34
672000, 0.319
674000, 0.351
676000, 0.299
678000, 0.313
680000, 0.326
682000, 0.347
684000, 0.313
686000, 0.307
688000, 0.309
690000, 0.334
692000, 0.341
694000, 0.342
696000, 0.363
698000, 0.382
700000, 0.316
702000, 0.324
704000, 0.362
706000, 0.329
708000, 0.34
710000, 0.374
712000, 0.332
714000, 0.326
716000, 0.374
718000, 0.328
720000, 0.391
722000, 0.345
724000, 0.34
726000, 0.361
728000, 0.369
730000, 0.344
732000, 0.386
734000, 0.38
736000, 0.349
738000, 0.333
740000, 0.368
742000, 0.339
744000, 0.385
746000, 0.407
748000, 0.318
750000, 0.345
752000, 0.371
754000, 0.363
756000, 0.328
758000, 0.35
760000, 0.337
762000, 0.403
764000, 0.313
766000, 0.312
768000, 0.368
770000, 0.372
772000, 0.346
774000, 0.326
776000, 0.341
778000, 0.393
780000, 0.375
782000, 0.353
784000, 0.36
786000, 0.386
788000, 0.376
790000, 0.413
792000, 0.381
794000, 0.389
796000, 0.359
798000, 0.358
800000, 0.329
802000, 0.351
804000, 0.361
806000, 0.343
808000, 0.356
810000, 0.335
812000, 0.338
814000, 0.335
816000, 0.323
818000, 0.364
820000, 0.319
822000, 0.335
824000, 0.373
826000, 0.356
828000, 0.335
830000, 0.39
832000, 0.377
834000, 0.384
836000, 0.401
838000, 0.363
840000, 0.361
842000, 0.326
844000, 0.379
846000, 0.406
848000, 0.37
850000, 0.348
852000, 0.345
854000, 0.342
856000, 0.375
858000, 0.348
860000, 0.39
862000, 0.361
864000, 0.379
