2000, 0.0855
4000, 0.09
6000, 0.142
8000, 0.054
10000, 0.139
12000, 0.118
14000, 0.14
16000, 0.139
18000, 0.142
20000, 0.14
22000, 0.092
24000, 0.141
26000, 0.15
28000, 0.136
30000, 0.143
32000, 0.119
34000, 0.164
36000, 0.115
38000, 0.169
40000, 0.136
42000, 0.137
44000, 0.172
46000, 0.198
48000, 0.165
50000, 0.16
52000, 0.175
54000, 0.11
56000, 0.196
58000, 0.134
60000, 0.144
62000, 0.185
64000, 0.133
66000, 0.137
68000, 0.156
70000, 0.172
72000, 0.133
74000, 0.165
76000, 0.139
78000, 0.113
80000, 0.154
82000, 0.1
84000, 0.153
86000, 0.192
88000, 0.159
90000, 0.155
92000, 0.114
94000, 0.157
96000, 0.137
98000, 0.163
100000, 0.139
102000, 0.096
104000, 0.135
106000, 0.146
108000, 0.177
110000, 0.161
112000, 0.161
114000, 0.128
116000, 0.152
118000, 0.165
120000, 0.175
122000, 0.141
124000, 0.134
126000, 0.166
128000, 0.123
130000, 0.132
132000, 0.155
134000, 0.25
136000, 0.18
138000, 0.178
140000, 0.194
142000, 0.167
144000, 0.169
146000, 0.178
148000, 0.147
150000, 0.148
152000, 0.171
154000, 0.196
156000, 0.169
158000, 0.174
160000, 0.159
162000, 0.107
164000, 0.128
166000, 0.151
168000, 0.168
170000, 0.155
172000, 0.178
174000, 0.192
176000, 0.131
178000, 0.162
180000, 0.131
182000, 0.162
184000, 0.185
186000, 0.143
188000, 0.186
190000, 0.158
192000, 0.155
194000, 0.139
196000, 0.156
198000, 0.154
200000, 0.164
202000, 0.1615
204000, 0.18
206000, 0.155
208000, 0.177
210000, 0.157
212000, 0.17
214000, 0.19
216000, 0.193
218000, 0.156
220000, 0.205
222000, 0.202
224000, 0.221
226000, 0.196
228000, 0.192
230000, 0.218
232000, 0.195
234000, 0.206
236000, 0.173
238000, 0.172
240000, 0.178
242000, 0.193
244000, 0.17
246000, 0.185
248000, 0.18
250000, 0.188
252000, 0.194
254000, 0.186
256000, 0.157
258000, 0.163
260000, 0.183
262000, 0.184
264000, 0.19
266000, 0.194
268000, 0.181
270000, 0.204
272000, 0.17
274000, 0.203
276000, 0.249
278000, 0.164
280000, 0.207
282000, 0.241
284000, 0.197
286000, 0.167
288000, 0.239
290000, 0.213
292000, 0.221
294000, 0.202
296000, 0.207
298000, 0.264
300000, 0.225
302000, 0.251
304000, 0.253
306000, 0.233
308000, 0.211
310000, 0.243
312000, 0.222
314000, 0.222
316000, 0.247
318000, 0.224
320000, 0.249
322000, 0.212
324000, 0.239
326000, 0.185
328000, 0.23
330000, 0.224
332000, 0.224
334000, 0.229
336000, 0.21
338000, 0.26
340000, 0.249
342000, 0.295
344000, 0.258
346000, 0.252
348000, 0.225
350000, 0.275
352000, 0.235
354000, 0.251
356000, 0.253
358000, 0.244
360000, 0.243
362000, 0.239
364000, 0.276
366000, 0.292
368000, 0.267
370000, 0.284
372000, 0.257
374000, 0.229
376000, 0.295
378000, 0.269
380000, 0.243
382000, 0.277
384000, 0.274
386000, 0.268
388000, 0.285
390000, 0.278
392000, 0.284
394000, 0.252
396000, 0.298
398000, 0.321
400000, 0.262
402000, 0.322
404000, 0.302
406000, 0.299
408000, 0.302
410000, 0.295
412000, 0.317
414000, 0.333
416000, 0.314
418000, 0.325
420000, 0.332
422000, 0.323
424000, 0.318
426000, 0.359
428000, 0.335
430000, 0.326
432000, 0.328
434000, 0.291
436000, 0.344
438000, 0.333
440000, 0.351
442000, 0.355
444000, 0.373
446000, 0.361
448000, 0.35
450000, 0.402
452000, 0.366
454000, 0.375
456000, 0.359
458000, 0.379
460000, 0.387
462000, 0.396
464000, 0.391
466000, 0.414
468000, 0.407
470000, 0.398
472000, 0.377
474000, 0.415
476000, 0.43
478000, 0.398
480000, 0.409
482000, 0.436
484000, 0.398
486000, 0.432
488000, 0.49
490000, 0.496
492000, 0.504
494000, 0.495
496000, 0.522
498000, 0.549
500000, 0.504
502000, 0.519
504000, 0.55
506000, 0.546
508000, 0.535
510000, 0.58
512000, 0.563
514000, 0.588
516000, 0.548
518000, 0.553
520000, 0.569
522000, 0.532
524000, 0.545
526000, 0.556
528000, 0.573
530000, 0.519
532000, 0.564
534000, 0.593
536000, 0.583
538000, 0.557
540000, 0.542
542000, 0.557
544000, 0.527
546000, 0.546
548000, 0.537
550000, 0.543
552000, 0.547
554000, 0.541
556000, 0.57
558000, 0.568
560000, 0.545
562000, 0.553
564000, 0.527
566000, 0.549
568000, 0.539
570000, 0.551
572000, 0.574
574000, 0.574
576000, 0.585
578000, 0.547
580000, 0.544
582000, 0.545
584000, 0.536
586000, 0.558
588000, 0.546
590000, 0.548
592000, 0.581
594000, 0.526
596000, 0.526
598000, 0.561
600000, 0.501
602000, 0.541
604000, 0.548
606000, 0.529
608000, 0.538
610000, 0.54
612000, 0.552
614000, 0.558
616000, 0.512
618000, 0.517
620000, 0.56
622000, 0.531
624000, 0.53
626000, 0.576
628000, 0.582
630000, 0.56
632000, 0.572
634000, 0.577
636000, 0.577
638000, 0.546
640000, 0.557
642000, 0.515
644000, 0.533
646000, 0.559
648000, 0.567
650000, 0.55
652000, 0.52
654000, 0.512
656000, 0.536
658000, 0.505
660000, 0.537
662000, 0.529
664000, 0.516
666000, 0.538
668000, 0.514
670000, 0.539
672000, 0.52
674000, 0.521
676000, 0.52
678000, 0.58
680000, 0.539
682000, 0.542
684000, 0.541
686000, 0.535
688000, 0.536
690000, 0.524
692000, 0.562
694000, 0.523
696000, 0.527
698000, 0.547
700000, 0.523
702000, 0.506
704000, 0.567
706000, 0.512
708000, 0.534
710000, 0.541
712000, 0.557
714000, 0.58
716000, 0.585
718000, 0.582
720000, 0.535
722000, 0.587
724000, 0.57
726000, 0.553
728000, 0.508
730000, 0.547
732000, 0.569
734000, 0.556
736000, 0.545
738000, 0.534
740000, 0.536
742000, 0.542
744000, 0.545
746000, 0.532
748000, 0.55
750000, 0.575
752000, 0.531
754000, 0.547
756000, 0.559
758000, 0.553
760000, 0.563
762000, 0.527
764000, 0.531
766000, 0.558
768000, 0.535
770000, 0.524
772000, 0.492
774000, 0.531
776000, 0.575
778000, 0.58
780000, 0.529
782000, 0.549
784000, 0.516
786000, 0.567
788000, 0.557
790000, 0.539
792000, 0.573
794000, 0.575
796000, 0.53
798000, 0.551
800000, 0.55
802000, 0.546
804000, 0.511
806000, 0.508
808000, 0.504
810000, 0.525
812000, 0.517
814000, 0.527
816000, 0.544
818000, 0.543
820000, 0.543
822000, 0.576
824000, 0.534
826000, 0.515
828000, 0.52
830000, 0.55
832000, 0.559
834000, 0.539
836000, 0.554
838000, 0.575
840000, 0.583
842000, 0.528
844000, 0.538
846000, 0.552
848000, 0.55
850000, 0.554
852000, 0.559
854000, 0.549
856000, 0.544
858000, 0.51
860000, 0.538
862000, 0.58
864000, 0.531
866000, 0.557
868000, 0.554
870000, 0.554
872000, 0.563
874000, 0.511
876000, 0.572
878000, 0.586
880000, 0.546
882000, 0.552
884000, 0.544
886000, 0.569
