2000, 0.0165
4000, -0.011
6000, 0.014
8000, -0.102
10000, 0.121
12000, -0.193
14000, 0.066
16000, -0.004
18000, -0.071
20000, 0.128
22000, -0.224
24000, 0.136
26000, -0.035
28000, -0.037
30000, 0.09
32000, -0.198
34000, 0.15
36000, -0.054
38000, -0.016
40000, 0.188
42000, -0.247
44000, 0.152
46000, 0.083
48000, -0.268
50000, 0.13
52000, 0.079
54000, -0.138
56000, 0.165
58000, -0.259
60000, 0.041
62000, 0.177
64000, -0.234
66000, 0.154
68000, -0.058
70000, 0.036
72000, 0.008
74000, -0.074
76000, 0.17
78000, -0.205
80000, 0.12
82000, -0.06
84000, -0.039
86000, 0.135
88000, -0.135
90000, 0.146
92000, -0.208
94000, 0.191
96000, -0.131
98000, 0.024
100000, 0.139
102000, -0.106
104000, 0.032
106000, -0.027
108000, -0.018
110000, 0.11
112000, -0.154
114000, 0.126
116000, -0.091
118000, 0.019
120000, 0.061
122000, -0.173
124000, 0.146
126000, -0.108
128000, 0.083
130000, -0.011
132000, -0.051
134000, 0.112
136000, -0.132
138000, 0.13
140000, -0.138
142000, 0.067
144000, 0.028
146000, -0.069
148000, 0.043
150000, -0.125
152000, 0.143
154000, -0.156
156000, 0.05
158000, 0.039
160000, -0.078
162000, 0.111
164000, -0.151
166000, 0.097
168000, -0.016
170000, -0.017
172000, 0.062
174000, -0.036
176000, 0.066
178000, -0.052
180000, 0.04
182000, -0.086
184000, 0.11
186000, 0.002
188000, -0.089
190000, 0.12
192000, -0.161
194000, 0.105
196000, -0.087
198000, 0.03
200000, 0.062
202000, -0.185
204000, 0.141
206000, -0.115
208000, 0.08
