2000, 0.1285
4000, 0.214
6000, 0.196
8000, 0.089
10000, -0.018
12000, -0.111
14000, -0.135
16000, -0.005
18000, 0.066
20000, -0.015
22000, -0.026
24000, 0.032
26000, -0.024
28000, -0.02
30000, -0.015
32000, 0.025
34000, 0.059
36000, -0.005
38000, -0.018
40000, -0.036
42000, -0.074
44000, -0.002
46000, 0.015
48000, 0.026
50000, 0.032
52000, -0.079
54000, -0.034
56000, 0.022
58000, 0.005
60000, -0.012
62000, -0.072
64000, -0.008
66000, 0.036
68000, -0.013
70000, -0.082
72000, 0.038
74000, 0.023
76000, -0.072
78000, -0.031
80000, 0.026
82000, -0.037
84000, -0.05
86000, 0.006
88000, 0.026
90000, -0.015
92000, 0.003
94000, -0.052
96000, -0.011
98000, 0.007
100000, 0.003
102000, -0.031
104000, -0.02
106000, 0.004
108000, -0.039
110000, -0.043
112000, 0.077
114000, -0.008
116000, -0.075
118000, -0.011
120000, 0.033
122000, 0.005
124000, -0.022
126000, -0.057
128000, -0.031
130000, 0.023
132000, 0.005
134000, 0.0
136000, -0.014
138000, 0.001
140000, -0.006
142000, -0.024
144000, -0.051
146000, -0.06
148000, 0.019
150000, -0.036
152000, -0.025
154000, 0.003
156000, 0.015
158000, -0.017
160000, -0.029
162000, -0.047
164000, 0.021
166000, -0.034
168000, -0.019
170000, 0.017
172000, 0.003
174000, -0.027
176000, -0.047
178000, -0.029
180000, -0.011
182000, 0.011
184000, 0.015
186000, 0.038
188000, -0.033
190000, -0.066
192000, -0.002
194000, 0.006
196000, 0.038
198000, -0.028
200000, -0.081
202000, 0.001
204000, 0.046
206000, 0.002
208000, -0.033
210000, 0.007
212000, 0.003
214000, 0.027
216000, -0.02
218000, -0.045
220000, -0.03
222000, 0.009
224000, 0.018
226000, -0.018
228000, -0.018
230000, 0.009
232000, -0.069
234000, 0.015
236000, 0.042
238000, -0.009
