2000, 0.1835
4000, 0.067
6000, -0.034
8000, -0.209
10000, -0.216
12000, -0.173
14000, -0.262
16000, -0.137
18000, -0.069
20000, 0.017
22000, 0.035
24000, 0.032
26000, -0.025
28000, -0.032
30000, -0.064
32000, -0.009
34000, -0.03
36000, -0.026
38000, -0.002
40000, 0.029
42000, -0.013
44000, -0.097
46000, -0.01
48000, -0.034
50000, -0.054
52000, -0.007
54000, -0.011
56000, 0.008
58000, -0.017
60000, -0.033
62000, -0.007
64000, -0.027
66000, -0.068
68000, 0.026
70000, 0.03
72000, -0.031
74000, -0.006
76000, -0.06
78000, -0.045
80000, -0.028
82000, 0.038
84000, 0.03
86000, -0.03
88000, -0.044
90000, -0.003
92000, 0.014
94000, 0.035
96000, -0.047
98000, -0.039
100000, 0.005
102000, -0.013
104000, 0.018
106000, -0.037
108000, 0.031
110000, 0.003
112000, -0.028
114000, -0.008
116000, -0.01
118000, -0.009
120000, -0.052
122000, -0.061
124000, -0.009
126000, 0.033
128000, -0.015
130000, 0.004
132000, -0.009
134000, -0.016
136000, 0.002
138000, -0.012
140000, -0.047
142000, -0.051
144000, -0.004
146000, 0.034
148000, 0.035
150000, -0.042
152000, -0.038
154000, 0.004
156000, -0.009
158000, -0.031
160000, -0.021
162000, -0.024
164000, 0.001
166000, 0.018
168000, -0.051
170000, 0.008
172000, -0.078
174000, -0.016
176000, -0.031
178000, 0.062
180000, -0.033
182000, -0.053
184000, -0.017
186000, -0.022
188000, 0.023
190000, -0.026
192000, 0.004
194000, 0.017
196000, -0.016
198000, -0.085
200000, 0.051
202000, -0.015
204000, -0.028
206000, 0.003
208000, -0.038
210000, -0.006
212000, -0.024
214000, 0.018
216000, 0.004
218000, 0.025
220000, -0.021
222000, 0.02
224000, -0.015
226000, -0.028
228000, 0.02
230000, -0.02
232000, -0.032
234000, -0.045
236000, -0.035
238000, 0.005
240000, 0.034
242000, 0.013
244000, -0.036
246000, -0.041
248000, -0.042
250000, -0.05
252000, 0.008
254000, 0.007
256000, -0.002
258000, -0.003
260000, 0.032
262000, 0.037
264000, -0.08
266000, 0.01
268000, -0.026
270000, 0.01
272000, -0.036
274000, -0.038
276000, 0.03
278000, -0.034
280000, -0.034
282000, -0.048
284000, 0.017
286000, 0.032
288000, 0.018
290000, -0.043
292000, -0.059
294000, -0.021
296000, 0.018
298000, -0.057
300000, -0.016
302000, -0.009
304000, -0.006
306000, 0.016
308000, -0.027
310000, -0.013
312000, -0.01
314000, -0.002
316000, 0.0
318000, -0.007
320000, -0.048
322000, -0.043
324000, -0.02
326000, -0.007
328000, 0.037
330000, -0.009
332000, 0.0
334000, -0.009
336000, 0.013
338000, 0.0
340000, 0.011
342000, -0.016
344000, -0.045
346000, -0.005
348000, -0.008
350000, -0.071
352000, 0.021
354000, 0.035
356000, 0.023
358000, -0.031
360000, -0.004
362000, 0.027
364000, -0.014
366000, 0.004
368000, 0.003
370000, -0.034
372000, 0.008
374000, -0.027
376000, -0.041
378000, 0.01
380000, -0.023
382000, 0.009
384000, -0.016
386000, -0.028
388000, -0.034
390000, 0.019
392000, 0.022
394000, -0.018
396000, -0.066
398000, -0.028
400000, -0.072
