2000, 0.0725
4000, 0.091
6000, 0.026
8000, 0.08
10000, 0.077
12000, 0.06
14000, 0.079
16000, 0.056
18000, 0.109
20000, 0.076
22000, 0.028
24000, 0.088
26000, 0.075
28000, 0.083
30000, 0.101
32000, 0.061
34000, 0.059
36000, 0.061
38000, 0.081
40000, 0.115
42000, 0.064
44000, 0.088
46000, 0.101
48000, 0.076
50000, 0.06
52000, 0.134
54000, 0.089
56000, 0.092
58000, 0.124
60000, 0.064
62000, 0.113
64000, 0.099
66000, 0.047
68000, 0.115
70000, 0.109
72000, 0.122
74000, 0.06
76000, 0.082
78000, 0.075
80000, 0.094
82000, 0.095
84000, 0.108
86000, 0.129
88000, 0.113
90000, 0.126
92000, 0.094
94000, 0.129
96000, 0.138
98000, 0.114
100000, 0.109
102000, 0.123
104000, 0.092
106000, 0.062
108000, 0.111
110000, 0.088
112000, 0.111
114000, 0.107
116000, 0.115
118000, 0.137
120000, 0.074
122000, 0.093
124000, 0.15
126000, 0.121
128000, 0.122
130000, 0.11
132000, 0.127
134000, 0.158
136000, 0.117
138000, 0.106
140000, 0.134
142000, 0.109
144000, 0.116
146000, 0.092
148000, 0.133
150000, 0.111
152000, 0.15
154000, 0.107
156000, 0.177
158000, 0.123
160000, 0.138
162000, 0.119
164000, 0.132
166000, 0.16
168000, 0.15
170000, 0.15
172000, 0.143
174000, 0.151
176000, 0.141
178000, 0.14
180000, 0.111
182000, 0.162
184000, 0.123
186000, 0.165
188000, 0.162
190000, 0.131
192000, 0.149
194000, 0.135
196000, 0.17
198000, 0.114
200000, 0.134
