2000, 0.1365
4000, 0.011
6000, -0.17
8000, 0.035
10000, -0.049
12000, -0.076
14000, 0.075
16000, -0.127
18000, 0.152
20000, -0.19
22000, 0.228
24000, -0.281
26000, 0.294
28000, -0.264
30000, 0.176
32000, -0.085
34000, -0.023
36000, 0.217
38000, -0.255
40000, 0.208
42000, -0.242
44000, 0.153
46000, 0.028
48000, -0.077
50000, 0.142
52000, -0.148
54000, 0.0
56000, 0.044
58000, 0.027
60000, -0.056
62000, -0.012
64000, 0.062
66000, 0.006
68000, -0.027
70000, 0.085
72000, -0.106
74000, -0.027
76000, 0.17
78000, -0.252
80000, 0.189
82000, -0.033
84000, -0.151
86000, 0.261
88000, -0.161
90000, -0.063
92000, 0.236
94000, -0.271
96000, 0.115
98000, 0.159
100000, -0.315
102000, 0.257
104000, 0.051
106000, -0.37
108000, 0.382
110000, -0.138
112000, -0.189
114000, 0.377
116000, -0.286
118000, 0.006
120000, 0.362
122000, -0.43
124000, 0.099
126000, 0.304
128000, -0.43
130000, 0.186
132000, 0.246
134000, -0.465
136000, 0.278
138000, 0.184
140000, -0.455
142000, 0.369
144000, 0.071
146000, -0.412
148000, 0.384
150000, 0.023
152000, -0.34
154000, 0.33
156000, -0.036
158000, -0.318
160000, 0.447
162000, -0.122
164000, -0.321
166000, 0.435
168000, -0.177
170000, -0.341
172000, 0.477
174000, -0.145
176000, -0.365
178000, 0.486
180000, -0.136
182000, -0.365
184000, 0.46
186000, -0.13
188000, -0.371
190000, 0.45
192000, -0.048
194000, -0.438
196000, 0.397
198000, 0.06
200000, -0.432
202000, 0.354
204000, 0.157
206000, -0.44
208000, 0.309
210000, 0.158
212000, -0.543
214000, 0.337
216000, 0.235
218000, -0.572
220000, 0.221
222000, 0.377
224000, -0.518
226000, 0.113
228000, 0.436
230000, -0.485
232000, -0.035
234000, 0.518
236000, -0.443
238000, -0.138
240000, 0.486
242000, -0.356
244000, -0.179
246000, 0.498
248000, -0.248
250000, -0.277
252000, 0.485
254000, -0.215
256000, -0.311
