2000, -0.4935
4000, -0.528
6000, -0.648
8000, -0.652
10000, -0.612
12000, -0.565
14000, -0.425
16000, -0.264
18000, -0.136
20000, -0.017
22000, 0.038
24000, 0.004
26000, -0.034
28000, 0.011
30000, -0.065
32000, -0.047
34000, -0.033
36000, -0.02
38000, 0.032
40000, 0.007
42000, -0.005
44000, -0.019
46000, -0.039
48000, -0.016
50000, 0.0
52000, -0.066
54000, -0.007
56000, -0.018
58000, -0.031
60000, -0.006
62000, -0.042
64000, 0.018
66000, -0.007
68000, 0.001
70000, -0.019
72000, 0.011
74000, -0.008
76000, 0.029
78000, -0.033
80000, 0.019
82000, -0.027
84000, -0.001
86000, 0.01
88000, 0.005
90000, -0.03
92000, -0.029
94000, 0.001
96000, -0.022
98000, 0.023
100000, -0.027
102000, -0.004
104000, 0.052
106000, 0.0
108000, -0.051
110000, 0.002
112000, -0.034
114000, -0.022
116000, 0.004
118000, -0.017
120000, 0.02
122000, 0.022
124000, -0.046
126000, -0.016
128000, -0.029
130000, 0.003
132000, -0.002
134000, -0.029
136000, 0.011
138000, -0.009
140000, 0.006
142000, -0.016
144000, 0.003
146000, 0.003
148000, -0.009
150000, -0.013
152000, -0.027
154000, -0.008
156000, 0.019
158000, 0.004
160000, -0.011
162000, -0.025
164000, 0.0
166000, -0.03
168000, 0.02
170000, -0.032
172000, -0.042
174000, -0.004
176000, 0.027
178000, 0.033
180000, -0.026
182000, -0.018
184000, -0.028
186000, 0.013
188000, -0.027
190000, -0.017
192000, 0.004
194000, 0.045
196000, -0.01
198000, -0.009
200000, -0.021
202000, 0.002
204000, -0.017
206000, -0.005
208000, -0.02
210000, -0.017
212000, -0.028
214000, -0.008
216000, -0.001
218000, 0.007
220000, -0.008
222000, -0.046
224000, -0.049
226000, -0.002
228000, -0.03
230000, -0.04
232000, -0.021
234000, 0.011
236000, 0.015
238000, -0.045
240000, 0.036
242000, 0.028
244000, 0.004
246000, -0.026
248000, -0.046
250000, 0.004
252000, 0.03
254000, -0.019
256000, -0.008
258000, -0.047
260000, -0.018
262000, -0.015
264000, -0.036
266000, -0.016
268000, 0.006
270000, 0.077
272000, 0.016
274000, -0.042
276000, -0.05
278000, -0.011
280000, -0.019
282000, -0.031
284000, 0.057
286000, -0.009
288000, -0.02
290000, -0.022
292000, -0.043
294000, -0.011
296000, -0.03
298000, -0.028
300000, 0.009
302000, -0.028
304000, 0.014
306000, -0.014
308000, 0.003
310000, 0.027
312000, 0.015
314000, -0.022
316000, -0.008
318000, 0.014
320000, 0.007
322000, -0.016
324000, -0.032
326000, 0.01
328000, -0.001
330000, -0.009
332000, -0.038
334000, -0.017
336000, -0.002
338000, 0.014
340000, 0.02
342000, -0.019
344000, 0.005
346000, 0.033
348000, -0.031
350000, -0.024
352000, -0.021
354000, -0.006
356000, -0.002
358000, -0.054
360000, -0.011
362000, -0.01
364000, -0.024
366000, -0.036
368000, 0.025
370000, 0.04
372000, 0.002
374000, 0.023
376000, -0.016
378000, -0.024
380000, -0.014
382000, 0.0
384000, -0.024
386000, -0.018
388000, -0.04
390000, -0.013
392000, -0.001
394000, -0.04
396000, 0.005
398000, 0.045
400000, -0.032
