2000, 0.0275
4000, 0.058
2000, -0.1545
4000, -0.192
6000, -0.251
8000, -0.284
10000, -0.267
12000, -0.197
14000, -0.305
16000, -0.252
18000, -0.25
20000, -0.166
22000, -0.128
24000, -0.158
26000, -0.133
28000, -0.092
30000, -0.089
32000, -0.06
34000, -0.073
36000, -0.071
38000, -0.04
40000, -0.055
42000, -0.066
44000, -0.04
46000, -0.058
48000, -0.018
50000, -0.081
52000, -0.003
54000, -0.053
56000, -0.042
58000, 0.006
60000, -0.016
62000, -0.015
64000, 0.027
66000, 0.03
68000, 0.06
2000, -0.0625
2000, -0.0705
4000, -0.111
2000, -0.0005
4000, -0.143
6000, -0.155
4000, 0.045
6000, -0.179
