2000, 0.0435
4000, -0.021
6000, -0.107
8000, -0.193
10000, -0.306
12000, -0.429
14000, -0.446
16000, -0.393
18000, -0.34
20000, -0.292
22000, -0.193
24000, -0.164
26000, -0.17
28000, -0.112
30000, -0.153
32000, -0.087
34000, -0.109
36000, -0.133
38000, -0.125
40000, -0.079
42000, -0.091
44000, -0.11
46000, -0.102
48000, -0.122
50000, -0.119
52000, -0.081
54000, -0.113
56000, -0.107
58000, -0.142
60000, -0.105
62000, -0.058
64000, -0.068
66000, -0.074
68000, -0.08
70000, -0.1
72000, -0.084
74000, -0.142
76000, -0.102
78000, -0.075
80000, -0.072
82000, -0.118
84000, -0.089
86000, -0.099
88000, -0.103
90000, -0.085
92000, -0.065
94000, -0.099
96000, -0.095
98000, -0.059
100000, -0.031
102000, -0.092
104000, -0.127
106000, -0.062
108000, -0.056
110000, -0.05
112000, -0.056
114000, -0.065
116000, -0.063
118000, -0.145
120000, -0.086
122000, -0.076
124000, -0.054
126000, -0.046
128000, -0.069
130000, -0.065
132000, -0.107
134000, -0.075
136000, -0.075
138000, -0.097
140000, -0.072
142000, -0.04
144000, -0.034
146000, -0.096
148000, -0.081
150000, -0.086
152000, -0.057
154000, -0.101
156000, -0.113
158000, -0.077
160000, -0.021
162000, -0.067
164000, -0.091
166000, 0.007
168000, -0.079
170000, -0.078
172000, -0.094
174000, -0.043
176000, -0.066
178000, -0.079
180000, -0.037
182000, -0.068
184000, -0.066
186000, -0.075
188000, -0.052
190000, -0.055
192000, -0.075
194000, -0.055
196000, -0.072
198000, -0.034
200000, -0.068
202000, -0.056
204000, -0.102
206000, -0.08
208000, -0.033
210000, -0.045
212000, -0.049
214000, -0.075
216000, -0.05
218000, -0.052
220000, -0.052
222000, -0.07
224000, -0.064
226000, -0.099
228000, -0.024
230000, -0.086
232000, -0.07
234000, -0.088
236000, -0.131
238000, -0.015
240000, -0.07
242000, -0.083
244000, -0.091
246000, -0.048
248000, -0.084
250000, -0.073
252000, -0.035
254000, -0.046
256000, -0.105
258000, -0.062
260000, -0.067
262000, -0.046
264000, -0.06
266000, -0.047
268000, -0.082
270000, -0.083
272000, -0.062
274000, -0.066
276000, -0.05
278000, -0.091
280000, -0.028
282000, -0.062
284000, -0.054
286000, -0.082
288000, -0.043
290000, -0.105
292000, -0.102
294000, -0.042
296000, -0.084
298000, -0.059
300000, -0.083
302000, -0.048
304000, -0.068
306000, -0.06
308000, -0.109
310000, -0.067
312000, -0.047
314000, -0.057
316000, -0.064
318000, -0.085
320000, -0.059
322000, -0.037
324000, -0.097
326000, -0.087
328000, -0.058
330000, -0.038
332000, -0.069
334000, -0.057
336000, -0.055
338000, -0.062
340000, -0.077
342000, -0.06
344000, -0.07
346000, -0.056
348000, -0.067
350000, -0.112
352000, -0.072
354000, -0.054
356000, -0.032
358000, -0.072
360000, -0.103
362000, -0.062
364000, -0.078
366000, -0.043
368000, -0.067
370000, -0.087
372000, -0.067
374000, -0.096
376000, 0.0
378000, -0.08
380000, -0.087
382000, -0.036
384000, -0.029
386000, -0.082
388000, -0.034
390000, -0.099
392000, -0.056
394000, -0.102
396000, -0.071
398000, -0.111
400000, -0.111
