2405, 0.1325
4405, 0.159
7405, 0.0575
9405, -0.016
11405, -0.097
13405, -0.095
15405, -0.066
17405, 0.004
19405, -0.051
21405, -0.109
23405, -0.054
25405, -0.027
27405, -0.029
29405, 0.001
31405, -0.003
33405, 0.005
35405, -0.002
37405, 0.0
39405, -0.017
41405, -0.022
43405, -0.009
45405, -0.004
47405, -0.041
49405, 0.032
51405, -0.008
53405, -0.001
55405, -0.019
57405, -0.037
59405, 0.029
61405, 0.006
63405, -0.01
65405, 0.019
67405, -0.068
69405, 0.024
71405, -0.017
73405, -0.04
75405, -0.006
77405, -0.008
79405, 0.029
81405, 0.003
83405, 0.02
85405, -0.001
87405, 0.0
89405, 0.012
91405, -0.048
93405, -0.053
95405, -0.022
97405, 0.011
99405, -0.018
101405, 0.018
105222, 0.1005
107222, 0.103
109222, -0.134
111222, -0.145
113222, 0.07
115222, 0.006
117222, -0.107
119222, -0.039
121222, -0.064
123222, -0.037
125222, 0.006
127222, 0.027
129222, -0.053
131222, -0.018
133222, 0.061
135222, 0.002
137222, 0.0
139222, -0.067
141222, -0.06
143222, 0.038
145222, 0.03
147222, 0.049
149222, 0.041
151222, -0.06
153222, -0.016
155222, -0.037
157222, 0.004
159222, 0.038
161222, 0.044
163222, -0.059
165222, -0.036
167222, -0.001
169222, 0.06
171222, 0.0
173222, -0.038
175222, -0.078
177222, 0.078
179222, 0.02
181222, -0.005
183222, 0.007
185222, -0.025
187222, 0.013
189222, -0.002
191222, 0.025
193222, -0.031
195222, 0.043
197222, -0.025
199222, 0.017
201222, -0.035
203222, -0.036
205222, 0.01
207222, 0.068
209222, 0.013
211222, -0.048
213222, -0.036
215222, -0.03
217222, 0.026
219222, 0.008
221222, -0.01
223222, 0.009
225222, -0.023
227222, -0.011
229222, -0.014
231222, 0.023
233222, 0.005
235222, -0.006
237222, -0.045
239222, -0.008
241222, -0.021
243222, -0.042
245222, 0.017
247222, 0.006
249222, -0.038
251222, -0.01
253222, -0.071
255222, 0.013
257222, -0.016
259222, -0.007
261222, 0.034
263222, 0.007
265222, -0.016
267222, 0.004
269222, -0.028
271222, -0.036
273222, 0.031
275222, -0.012
277222, -0.016
279222, -0.002
281222, 0.032
283222, 0.028
285222, -0.043
287222, -0.036
289222, 0.01
291222, 0.02
293222, -0.012
295222, 0.009
297222, -0.05
299222, 0.008
301222, -0.016
303222, -0.07
305222, 0.007
307222, -0.004
309222, -0.01
311222, 0.023
313222, -0.01
315222, -0.021
317222, 0.043
319222, -0.001
321222, -0.011
323222, -0.045
325222, -0.007
327222, 0.012
329222, -0.027
331222, 0.011
333222, -0.01
335222, -0.048
337222, -0.032
339222, 0.024
341222, -0.001
343222, -0.058
345222, -0.028
347222, -0.022
349222, -0.008
351222, 0.049
353222, -0.01
355222, -0.031
357222, -0.006
359222, 0.009
361222, -0.027
363222, 0.021
365222, 0.047
367222, 0.041
369222, -0.036
371222, -0.043
373222, -0.004
375222, 0.0
377222, -0.004
379222, -0.004
381222, -0.069
383222, -0.018
385222, 0.024
387222, -0.036
389222, -0.003
391222, -0.077
393222, -0.017
395222, -0.007
397222, 0.0
399222, 0.001
401222, 0.009
403222, 0.001
405222, -0.064
407222, 0.023
409222, 0.006
411222, -0.01
413222, 0.03
415222, 0.009
417222, -0.021
419222, -0.029
421222, -0.055
423222, 0.033
425222, 0.03
427222, 0.018
429222, 0.01
431222, -0.037
433222, -0.028
435222, 0.022
437222, 0.0
439222, -0.032
441222, 0.015
443222, -0.021
445222, 0.002
447222, -0.013
449222, -0.039
451222, 0.005
453222, -0.009
455222, 0.002
457222, -0.026
459222, 0.016
461222, 0.021
463222, -0.001
465222, 0.013
467222, -0.027
469222, 0.013
471222, -0.067
473222, -0.035
475222, 0.045
477222, -0.037
479222, -0.017
481222, -0.019
483222, -0.031
485222, 0.037
487222, -0.002
489222, 0.016
491222, -0.027
493222, -0.001
495222, 0.006
497222, -0.013
499222, 0.007
501222, -0.022
503222, -0.005
