2000, 0.0265
4000, 0.047
6000, 0.046
8000, 0.014
10000, 0.01
12000, 0.043
14000, 0.027
16000, 0.038
18000, 0.047
20000, 0.035
22000, 0.056
24000, 0.057
26000, 0.015
28000, 0.07
30000, 0.036
32000, 0.062
34000, 0.107
36000, 0.038
38000, 0.075
40000, 0.075
42000, 0.016
44000, 0.08
46000, 0.027
48000, 0.036
50000, 0.034
52000, 0.055
54000, 0.022
56000, 0.103
58000, 0.094
60000, 0.092
62000, 0.081
64000, 0.043
66000, 0.062
68000, 0.062
70000, 0.075
72000, 0.058
74000, 0.082
76000, 0.059
78000, 0.088
80000, 0.095
82000, 0.121
84000, 0.075
86000, 0.095
88000, 0.062
90000, 0.063
92000, 0.074
94000, 0.102
96000, 0.143
98000, 0.139
100000, 0.088
