0.0
0.0
0.0
0.0
0.0
0.0
0.0
-8.308904016136787E-14
2.6732135074255298E-12
-842.9431933839267
-61.12462255922039
-860.0583546412884
-922.74469442792
-960.59601
-980.1
-0.01039412599097247
-0.0037180400953037967
-0.008318815260197971
-826.1686238355866
-0.0030685469387731045
-990.0
-950.9900498999999
-2.658446534033527E-4
-877.5210229989679
-4.470221887612629E-5
-960.59601
-932.0653479069899
-80.14825426304482
-826.1686238355866
-941.4801494009998
-285.7015372684776
-64.98832773972134
-24.480675451407905
-136.48853375724565
-941.4801494009998
-18.34137992694516
-990.0
-126.00044018494003
-19.997464022174753
-45.9723480727636
-886.3848717161292
-932.0653479069899
-1000.0
-990.0
-25.13863352120051
-913.5172474836407
-4.240755157852439
-990.0
-826.1686238355866
-1.3493243623711626
-980.1
-922.74469442792
-877.5210229989679
0.0
0.0
0.0
0.0
0.0
0.0
0.0
0.0
-7.678721583924473E-15
6.297825645615711E-15
3.6482036173287067E-13
3.683412655960668E-14
3.537974135783616E-14
9.373332296900955E-13
-860.0583546412884
-834.5137614500874
-16.973234580699362
-932.0653479069899
-2.1776146880686396
0.0
0.0
0.0
0.0
7.605328375685532E-13
7.135675913559861E-14
-860.0583546412884
-83.39415358886158
-980.1
-33.87293274908465
-238.14670277093614
-970.2989999999999
-22.515246642669016
-8.477255042742232
-834.5137614500874
-834.5137614500874
-980.1
-826.1686238355866
-834.5137614500874
-970.2989999999999
-922.74469442792
-1.1156325603359218
0.0
0.0
0.0
0.0
0.0
0.0
0.0
0.0
0.0
0.0
2.2055452289488044E-12
3.419634515418158E-13
-5.089854585574855E-13
-860.0583546412884
-25.922943886572632
-895.3382542587162
0.0
0.0
0.0
0.0
0.0
0.0
0.0
0.0
0.0
0.0
-860.0583546412884
-950.9900498999999
-960.59601
-895.3382542587162
-8.053937987110785
-860.0583546412884
-1.060088042144998
-877.5210229989679
-960.59601
-29.842825605468555
-868.7458127689781
-950.9900498999999
-941.4801494009998
-1000.0
-0.6369838234377709
-980.1
-147.65011941710935
-913.5172474836407
-43.7505839046182
-16.815701193881942
-7.892983486697231
-3.179841198833568
0.0
0.0
0.0
0.0
0.0
0.0
-895.3382542587162
-15.006371868287772
-4.639835190172527
-980.1
-0.8508397661961987
-0.37798896172171337
-886.3848717161292
-826.1686238355866
-941.4801494009998
-1000.0
-950.9900498999999
-64.87620827627036
-107.59577154284771
-834.5137614500874
-33.7315918906176
0.0
0.0
0.0
0.0
0.0
0.0
0.0
-1.7463681776060644
-1.9403350781347568
-826.1686238355866
-868.7458127689781
-904.3820750088043
-834.5137614500874
-0.03121951348688163
-826.1686238355866
-0.030534727571273207
-834.5137614500874
-1000.0
0.0
0.0
0.0
0.0
0.0
0.0
-0.3426278923906961
-913.5172474836407
-69.08543464529806
-932.0653479069899
-40.84116163477173
-941.4801494009998
-4.549650932036341
-932.0653479069899
-98.90659078860635
-851.4577710948754
-913.5172474836407
-31.080976795476428
-851.4577710948754
-913.5172474836407
-886.3848717161292
-1.1267805330898069
-970.2989999999999
-868.7458127689781
-990.0
-868.7458127689781
-0.03479384249052713
0.0
0.0
0.0
0.0
-860.0583546412884
3.169936845064593E-14
2.961632751022253E-12
7.888535743119359E-13
-7.776795382607675E-4
-851.4577710948754
-6.321823029467346E-5
-1.9896407558150464E-5
-950.9900498999999
-904.3820750088043
-904.3820750088043
-1.5401679743555789E-6
-851.4577710948754
-11.732461625719047
-980.1
-105.71158606740171
-970.2989999999999
-17.342488437945562
-18.938086337256546
-38.71923187693571
0.0
0.0
0.0
0.0
0.0
0.0
4.5377918824328624E-15
-138.50725413080022
-268.3406622023903
3.593620254015994E-15
-21.187735970815787
-860.0583546412884
-16.98364727389898
-8.51230238047862
-851.4577710948754
-2.253347367766633
-904.3820750088043
-990.0
0.0
0.0
0.0
0.0
0.0
0.0
0.0
0.0
0.0
0.0
1.6566632403867392E-13
1.4265646310085854E-13
2.0344783193329937E-14
-6.469193864128544E-15
2.869466673107378E-15
4.184336397870013E-13
-7.491026061459345E-15
2.1688223622832324E-14
4.707406217375774E-16
2.909952006403836E-13
-904.3820750088043
-13.269173055302439
-834.5137614500874
-350.1426741330688
-826.1686238355866
-98.53244014863495
-826.1686238355866
-877.5210229989679
-834.5137614500874
-144.9929025376995
0.0
0.0
-3.850799177562295E-17
-1.005905816616858E-12
-990.0
-895.3382542587162
-970.2989999999999
-950.9900498999999
-970.2989999999999
-941.4801494009998
0.0
0.0
0.0
0.0
0.0
0.0
-895.3382542587162
-13.974550306355745
2.267602155721149E-14
-1.3996333025724323
-0.17291339187650187
2.2213143840544514E-13
-834.5137614500874
-1.2380597816251976E-4
-4.3322801358670735E-5
-860.0583546412884
-5.17632965055161
-2.214359811063896
-0.959491564048476
-0.5418443184545416
-0.3512848483003516
-0.2181696008092326
-0.3699272392354458
-0.06308770338406126
-886.3848717161292
-29.597059304413648
-187.91054487419308
-39.668347419332825
-826.1686238355866
-34.703079891626075
-11.355093890929657
-6.0230288620584576
-877.5210229989679
-1.2825649135871393
-990.0
-932.0653479069899
0.0
0.0
0.0
-826.1686238355866
-26.127116605407274
-178.9507162362214
5.579115197160017E-13
-0.40503583266991056
-29.929846597137082
-2.842009166833625
-9.280184040519384
-851.4577710948754
-2.4706051567146643
-0.8826539636696357
-0.44767848936260957
-0.2600969623779517
-0.10795053732346989
-455.0888094742516
-860.0583546412884
-0.06682233577100405
-0.7659144694688638
-0.38584171819744695
-0.21984543611891133
-0.11021570176171873
-6.268628479775616
-834.5137614500874
-2.0998595406625684
-842.9431933839267
-1.4447593786612676
-0.5557888761969257
-0.29688938733174863
-0.12231705978683581
-0.10206435697549936
-0.0475532999472327
-826.1686238355866
-10.455125420223181
-886.3848717161292
-860.0583546412884
-842.9431933839267
0.0
0.0
0.0
0.0
-1.337661953355224E-16
5.663120200036198E-15
-886.3848717161292
3.047607200309755E-14
-90.09720654137104
-0.004957459624053399
-851.4577710948754
-860.0583546412884
0.0
0.0
0.0
0.0
8.465146841223028E-15
3.743743572391168E-15
2.792306163464596E-15
1.4905656325903331E-15
-1.625789336876805E-13
-922.74469442792
0.0
0.0
0.0
0.0
0.0
0.0
0.0
0.0
0.0
-4.388191376506453E-17
-2.358157157329281E-12
-842.9431933839267
2.3354387836466013E-13
-0.0010754462697787168
-834.5137614500874
-826.1686238355866
-9.074012855368598E-5
-3.739128857932367E-5
-0.001012555278045091
-7.768614482725731E-5
-980.1
-131.8966280975861
-826.1686238355866
-56.352367952043515
-22.595623001732392
-9.734169740876439
0.0
0.0
0.0
-2.118197428505661
-0.44461137786732674
-868.7458127689781
-990.0
-59.10935494473488
-842.9431933839267
-8.873774625103813
-950.9900498999999
-941.4801494009998
-913.5172474836407
-75.94729717363377
-868.7458127689781
-960.59601
-932.0653479069899
-990.0
0.0
0.0
0.0
0.0
0.0
-25.79704144174463
-842.9431933839267
-3.8771418230379013
-69.99293079084853
-14.551734786808334
-877.5210229989679
-1.9253054077840073
-904.3820750088043
-0.32489429924727126
-0.17866914733013617
-0.06832948237330345
-0.023710205716142747
-0.010823635811890116
-0.0051414012945109845
-895.3382542587162
-877.5210229989679
-19.057184225264347
-6.57345084373473
-2.3971950710829275
-0.8513382364346298
-932.0653479069899
-922.74469442792
-27.485590681676182
-941.4801494009998
-895.3382542587162
-188.95277791636735
-970.2989999999999
-63.94462060452766
-980.1
-970.2989999999999
-22.40335839637441
-9.130504075701777
-2.7962763089685
-941.4801494009998
0.0
0.0
0.0
0.0
0.0
0.0
2.4451188103443185E-14
7.947726040999349E-14
-7.342536276335901E-14
-851.4577710948754
-5.38264852596239E-16
-4.385406003949394E-17
-8.483651195938334E-16
-66.14821202213844
-54.10308152255956
-15.963569910285862
-6.068111769669609
-3.1012621898766617
-2.1211665330280836
-3.4175329886497234
-114.96692485339256
-25.79930611427779
-11.347652312997715
-5.166823681364617
-842.9431933839267
-834.5137614500874
-0.553245307988209
-904.3820750088043
-950.9900498999999
-2.0730898038849452
-886.3848717161292
-96.91108735467215
-868.7458127689781
-72.60864063467676
-39.37620238731309
-16.179351792939322
0.0
0.0
0.0
0.0
0.0
0.0
-3.372955426938764
-8.409922782646387
-3.654689536900188
-960.59601
-904.3820750088043
-851.4577710948754
-63.23883767090173
-44.16431370677471
-990.0
-932.0653479069899
-20.904303854159934
-1000.0
-4.417223086208773
-826.1686238355866
-960.59601
-970.2989999999999
-33.588299814705195
-45.560224136008294
-950.9900498999999
-7.188460305496833
-922.74469442792
-1.4930197540890544
-94.14151592234572
-922.74469442792
-61.06183750967753
-18.35712546192474
-108.3174869741159
-895.3382542587162
-32.60159867031489
-22.727116369074242
-877.5210229989679
-178.39041191263445
-941.4801494009998
-23.942864721343764
-12.784669047289455
-826.1686238355866
-3.0600373831097003
-922.74469442792
-0.6468550581441206
-851.4577710948754
-922.74469442792
-868.7458127689781
0.0
0.0
0.0
0.0
0.0
0.0
0.0
0.0
-2.656721522457151E-14
-6.2704176607172626E-15
-4.439403729492025E-15
-877.5210229989679
1.0833902047170391E-14
-1.4102006718883084E-15
-4.69141991496169E-4
-3.2741642327561467E-4
-1.7062671325253275E-4
-913.5172474836407
-0.005069900551580851
-842.9431933839267
-0.0010776412005849732
-5.180023956586555E-4
-3.405900606009871E-4
-2.0840317597397526E-4
-904.3820750088043
-851.4577710948754
-932.0653479069899
-1000.0
-970.2989999999999
-1.5525045595554828E-6
-990.0
-834.5137614500874
-0.7939330592543906
-131.54253573353506
-990.0
-35.917627232874814
-851.4577710948754
-88.72098200056212
-1.1372740513446855
-904.3820750088043
-60.65078752182696
-913.5172474836407
-990.0
-895.3382542587162
-826.1686238355866
-6.435128640639058
-877.5210229989679
-0.7399236271990614
-0.40736602584175413
-0.2230937362647767
-950.9900498999999
-842.9431933839267
-886.3848717161292
-5.332690081615727
-886.3848717161292
-826.1686238355866
-1000.0
-932.0653479069899
-877.5210229989679
-950.9900498999999
-960.59601
0.0
0.0
0.0
0.0
0.0
-3.2923499461842134E-16
-895.3382542587162
7.631624846973362E-15
-2.324631332150007E-13
-1.8362185908598017E-14
-860.0583546412884
1.4887898021441659E-12
-834.5137614500874
6.334609058524033E-14
-5.514886474025157E-14
-886.3848717161292
-63.205216182763955
-1000.0
-842.9431933839267
-886.3848717161292
-970.2989999999999
-877.5210229989679
-9.319062683995885
-9.459438966232726
-851.4577710948754
-950.9900498999999
-1.9292272412697633
-1.2814463062400316
-60.53110230505554
-15.647281045277994
-165.99028046478202
-868.7458127689781
-17.10827220310717
-904.3820750088043
-4.291283799079965
-2.1550305374671708
-255.2983034732095
-932.0653479069899
-14.93240282742396
-1.0235927719115216
-842.9431933839267
-0.26966453548434766
-67.85736201619322
-886.3848717161292
-932.0653479069899
-66.87139517322858
-31.859270303468467
-851.4577710948754
-4.4564534491007075
-1.7381260850763007
-300.06682450411427
-941.4801494009998
-62.092087569694804
-25.396438612200548
-9.732556643999787
-4.541925548137905
-970.2989999999999
-842.9431933839267
-922.74469442792
-913.5172474836407
-851.4577710948754
-0.017831076351338255
-278.57372038113124
-0.016997467041355883
-25.838732215377256
-886.3848717161292
-826.1686238355866
0.0
0.0
0.0
0.0
0.0
-826.1686238355866
3.486640337420039E-15
-877.5210229989679
-109.26528146283346
1.350219130234238E-16
-868.7458127689781
-886.3848717161292
-834.5137614500874
-26.542516946336004
-868.7458127689781
-960.59601
-970.2989999999999
-868.7458127689781
-941.4801494009998
0.0
0.0
0.0
0.0
0.0
0.0
0.0
-4.2186747839294316E-13
-886.3848717161292
5.127482373855628E-14
-3.26276032487365E-15
-860.0583546412884
2.1968100614491493E-14
3.3791700981964684E-15
-842.9431933839267
-5.768324686067459E-16
-0.2752272200980888
-886.3848717161292
-990.0
-950.9900498999999
-970.2989999999999
-396.83992189271885
-826.1686238355866
-868.7458127689781
-970.2989999999999
-941.4801494009998
0.0
0.0
0.0
0.0
0.0
0.0
0.0
0.0
-960.59601
-5.496113425995898
0.0
0.0
0.0
0.0
0.0
0.0
8.535378860698459E-14
-4.472147896136204E-13
-68.70327020717102
-30.716342882208583
-877.5210229989679
-895.3382542587162
-960.59601
0.0
0.0
0.0
0.0
0.0
0.0
0.0
0.0
0.0
-0.3265906602526943
-0.18168178646671018
-842.9431933839267
-0.04054471710556212
-0.015267631721853202
-0.011532178403603781
-932.0653479069899
-1000.0
-980.1
-970.2989999999999
-114.77672692419766
-970.2989999999999
-904.3820750088043
-9.019379428151336
0.0
0.0
0.0
0.0
0.0
0.0
8.477014421547795E-13
1.906197692363006E-12
1.002036425070396E-12
-932.0653479069899
2.3438262903953875E-13
-886.3848717161292
-970.2989999999999
-25.181663570813814
-842.9431933839267
-0.18641311500136454
-134.57498888146816
-932.0653479069899
-941.4801494009998
-8.073889650444341
-904.3820750088043
-100.73793499991875
-834.5137614500874
-115.24937852773517
-895.3382542587162
-941.4801494009998
-922.74469442792
0.0
0.0
0.0
0.0
0.0
0.0
0.0
0.0
0.0
6.227429917070063E-16
-877.5210229989679
-941.4801494009998
-826.1686238355866
-941.4801494009998
-826.1686238355866
-932.0653479069899
-913.5172474836407
-34.99012504377929
-960.59601
-6.522378798991045
-970.2989999999999
-834.5137614500874
-40.59313999799812
-122.08529814749531
-950.9900498999999
-15.470119708176668
-5.386947685935048
-860.0583546412884
-834.5137614500874
-0.38331016102586113
-0.14060951084356405
-0.08679062669665692
-922.74469442792
-339.60065011564785
-960.59601
-922.74469442792
-15.638569719662181
-877.5210229989679
-834.5137614500874
-0.8922990673106402
-0.42709285746234493
0.0
0.0
0.0
0.0
0.0
-1.8814970920302046E-17
1.9785773172172784E-14
-886.3848717161292
0.0
0.0
0.0
0.0
-1.201733294467875E-15
-960.59601
1.1525633054273503E-12
-826.1686238355866
-868.7458127689781
-932.0653479069899
-904.3820750088043
-10.513985740350655
-826.1686238355866
-21.85728925984019
-990.0
-3.809409590451398
-1.4977537451188716
-980.1
-0.26164317069988907
-227.6196007705961
-990.0
-868.7458127689781
-13.856625206675357
-46.52250337881031
-65.38400925772211
-913.5172474836407
-970.2989999999999
-990.0
-17.40841353168966
-913.5172474836407
-970.2989999999999
-35.21954349282445
-40.35316099691585
-53.6618914808625
-851.4577710948754
-9.692365306608714
-834.5137614500874
-28.729037082933278
-990.0
-970.2989999999999
-58.193237271233336
-144.03392448953602
-31.272960031672334
-14.513923386286203
-5.651243010682404
-886.3848717161292
-13.142122064797547
-851.4577710948754
-941.4801494009998
-851.4577710948754
-37.28662289044573
-7.834692802307673
-877.5210229989679
-834.5137614500874
-0.4525475203137209
-1000.0
-8.36076534301404
-834.5137614500874
-860.0583546412884
-23.439267566223595
-970.2989999999999
-17.30204132504105
-1000.0
-2.9463899076647513
-941.4801494009998
-886.3848717161292
-970.2989999999999
-31.825092010903646
-257.0772001449728
-904.3820750088043
-183.86930960393553
-62.60210471811471
-20.570941356720958
-941.4801494009998
-15.328843832109316
-175.2223340582966
-950.9900498999999
-1000.0
-51.60333106408178
-20.405421817646513
-5.773120702788864
-2.723260702479453
-970.2989999999999
0.0
0.0
0.0
0.0
-2.7826015943070342E-15
-10.093155974114412
-57.465690396911896
-27.65975915678351
-970.2989999999999
-45.28923368186616
-65.24208731593544
-851.4577710948754
-960.59601
-12.906438941117532
-868.7458127689781
-950.9900498999999
-932.0653479069899
-23.017920438136237
-9.101242518343211
-4.035055108445633
-904.3820750088043
-980.1
-4.617999847786423
-826.1686238355866
-226.6401199580743
-50.322410848378745
-913.5172474836407
-980.1
-2.8325314922834655
-886.3848717161292
-868.7458127689781
-1.6807271469015324
-0.9543269584072943
-834.5137614500874
-990.0
-922.74469442792
-904.3820750088043
-842.9431933839267
-970.2989999999999
-895.3382542587162
-17.051224433912594
-4.505614223679265
-8.605996655494739
-990.0
-990.0
-886.3848717161292
-950.9900498999999
-842.9431933839267
-37.751496676287914
-126.62877538539348
-119.3934917321568
-35.96516391487753
-834.5137614500874
-6.4561639399174595
-3.780465931116769
-14.177440957561773
-8.728417329384701
-3.3618615419657014
-7.184344838520038
-886.3848717161292
-1.2923113925083878
-2.4722156676486313
-117.20185984432776
0.0
0.0
0.0
0.0
0.0
0.0
0.0
2.6221260404578424E-14
1.1705491542914297E-14
-0.007493624984601314
-30.704637620132367
-0.0030083266328188893
-904.3820750088043
-1000.0
-11.13350636337092
-6.9974892380294715
0.0
0.0
0.0
4.3833929072074637E-14
-1.368959107623396E-13
-1.6658657594240126E-14
-2.833692884987664E-15
2.0386744583120093E-15
-1.4985866994940514E-15
3.6936088337063114E-14
-5.306924429867974E-16
5.3354602900987044E-14
1.8974114787690978E-14
8.306790705645521E-15
-990.0
2.218995077990962E-13
-1000.0
-13.110123391810074
-6.459587960398022
-61.583983255915655
-26.622450559109925
-10.019368506783536
-834.5137614500874
-860.0583546412884
-990.0
-922.74469442792
-1000.0
-990.0
-164.70898775338367
0.0
0.0
0.0
0.0
0.0
0.0
0.0
-2.3455341180355764E-13
-19.5203041897214
-40.55346249352404
-9.423531074873765
-6.652717296948282
-970.2989999999999
-35.874612119254174
-990.0
-43.32897170253407
-932.0653479069899
-77.11152598838396
-28.386361073871893
-826.1686238355866
-70.48181439467636
-23.229887825697233
0.0
0.0
0.0
0.0
0.0
0.0
0.0
0.0
-860.0583546412884
-0.32652222950146514
-0.035331032501256236
-877.5210229989679
-0.0029784428223631125
-913.5172474836407
-834.5137614500874
-922.74469442792
-834.5137614500874
-895.3382542587162
-980.1
-904.3820750088043
-1.2163014587764354
-0.5008517123305607
-0.12765709389769223
-851.4577710948754
-877.5210229989679
-12.576202652238443
-42.59653889887617
-47.17338430037222
-15.293521288564776
-103.02798505543102
-851.4577710948754
-950.9900498999999
-932.0653479069899
-150.7193791080428
-43.720444581805886
-19.17758882197409
-194.85156281397107
-842.9431933839267
-32.85505700373761
-12.637655587524751
-6.674595700306998
0.0
0.0
0.0
0.0
0.0
-6.171220776207104E-16
1.7342316187394083E-14
8.65582785315664E-13
-877.5210229989679
-8.751553250447086E-15
-55.26834771623843
-1.1998245462158093E-14
-3.803883915329669E-15
-1.710998926411466E-4
-2.8849439787779356E-5
-826.1686238355866
-4.893434142120757E-6
-895.3382542587162
-9.412018965979538
-860.0583546412884
-48.811719291674905
-16.512360307674314
-7.155490830063251
-922.74469442792
-932.0653479069899
-941.4801494009998
-0.7829314569461955
0.0
0.0
0.0
0.0
0.0
0.0
0.0
-199.75831201089508
-169.08437990422365
-91.38344518785094
-65.21042480131055
-20.960196774651266
-10.358312545885177
-4.109638816468659
-990.0
-111.92191528403023
-63.21146776597447
-990.0
-826.1686238355866
-886.3848717161292
-895.3382542587162
0.0
0.0
0.0
0.0
-3.5238013255342566
-67.30650692694617
-4.347635639743612
-7.290515074073533
-5.252580581491165
-2.352080998531662
-1.237930282713725
-904.3820750088043
-913.5172474836407
-0.21132533808359824
-0.0883645217131331
-960.59601
-932.0653479069899
-932.0653479069899
0.0
0.0
0.0
0.0
0.0
0.0
1.5746379153625538E-14
-4.504205564266636
-3.5923216591464495
-1.945552271485791
-886.3848717161292
-0.29995078099552275
-886.3848717161292
-0.07155289041886452
0.0
0.0
0.0
0.0
0.0
0.0
0.0
0.0
0.0
0.0
1.0140437834247375E-14
5.70680786425009E-13
3.0679599018914546E-13
5.418711488819063E-13
3.665785174996967E-13
-180.8174601065909
-42.86571600556126
-16.511671739654076
0.0
0.0
0.0
0.0
7.508570509167304E-14
2.218054900293982E-13
1.2534866392409869E-13
8.655649490362096E-14
-46.52217821232213
8.645311352037831E-15
4.2799834321642133E-14
-860.0583546412884
-950.9900498999999
-886.3848717161292
-851.4577710948754
-904.3820750088043
-922.74469442792
-85.88894862638028
-842.9431933839267
-47.70567111291261
-932.0653479069899
-9.225377444613313
-932.0653479069899
-895.3382542587162
-860.0583546412884
-27.733923158101266
-904.3820750088043
-30.544776642830783
-922.74469442792
-3.318168148136698
-13.449359017102044
-3.7738702219168245
-886.3848717161292
-0.4623094067444543
-1000.0
-834.5137614500874
-842.9431933839267
-932.0653479069899
-0.005515903232485846
-2.2101581624933377
-47.93334259804939
-904.3820750088043
-913.5172474836407
-851.4577710948754
-21.806068957817804
-56.749580440828666
-970.2989999999999
-980.1
-8.390437898614696
-895.3382542587162
-4.343042265273061
-33.05240377833675
-11.575720878564649
0.0
0.0
0.0
0.0
-1.3129137952561396E-15
-2.9918956698309246E-15
-826.1686238355866
-8.035415850517758
-2.1562135414702785
-22.425033249590296
-2.450611399249366
-8.706570766350044
-25.44048184037422
-10.228390593443972
-6.048721167113318
-851.4577710948754
-1.1483047218841393
-35.99272259122909
-59.01048857686944
-150.9348099767596
-990.0
-990.0
-10.442534851973198
-904.3820750088043
-2.2396898285541496
0.0
0.0
0.0
0.0
0.0
-5.218643730676844E-13
-86.39208939192612
-21.73208511052981
-9.86740975059378
-5.68051050489274
-237.46862355906998
-42.247700150040075
-14.229745833731311
-834.5137614500874
-842.9431933839267
-904.3820750088043
-4.813414709064465
-1.677135467400152
-980.1
-904.3820750088043
-980.1
-970.2989999999999
-9.793029671840348
-3.9772565263169883
-851.4577710948754
-49.51166002728762
-895.3382542587162
-88.9732403846755
-842.9431933839267
-922.74469442792
-1000.0
-56.30362266239241
-19.867780598380733
-6.351997579007055
-990.0
-1.0155087038678188
-0.543765048636599
-834.5137614500874
-932.0653479069899
-12.825685912930627
-6.437188140184198
-932.0653479069899
-895.3382542587162
-970.2989999999999
-990.0
-877.5210229989679
-59.776662483388705
-117.66583168004354
-922.74469442792
-860.0583546412884
-16.83350672161815
-6.4818213876505
-4.1598609089407965
-32.51111354187887
-10.616283320435048
-886.3848717161292
-76.36134176274719
-941.4801494009998
-834.5137614500874
-826.1686238355866
-69.49645117118833
-32.695615079074514
-886.3848717161292
-148.5586449107463
-1000.0
-1000.0
-2.1285021964576463
-860.0583546412884
-941.4801494009998
-0.08026231456050906
-941.4801494009998
-868.7458127689781
-0.005059316438948431
-851.4577710948754
-904.3820750088043
-29.13335490044012
-950.9900498999999
-50.76025852671552
-941.4801494009998
-13.212481201211284
-922.74469442792
-21.233255272598687
-12.757743905000918
-6.114323731786584
-2.8888185801545556
-941.4801494009998
-105.91846499542139
-913.5172474836407
-20.802333652112086
-6.338295672018572
-2.1764821067023266
-913.5172474836407
-0.38135751802146217
-157.1167871830357
-913.5172474836407
-941.4801494009998
-6.190310764667143
-3.3349103497304777
-1.4922595274639856
-834.5137614500874
-922.74469442792
-904.3820750088043
-86.37918958748956
-33.2099368524691
-15.0040458583189
-8.056168953509241
-904.3820750088043
-913.5172474836407
0.0
0.0
0.0
0.0
0.0
-826.1686238355866
8.07591068759689E-14
-851.4577710948754
-5.245900823452108E-14
1.1349888508163539E-13
8.433227744484806E-14
-868.7458127689781
1.6583146708818814E-14
-9.813844521961127E-15
-826.1686238355866
3.7389434008217E-15
-922.74469442792
-4.314309202644161E-14
2.6685362721703623E-15
-842.9431933839267
-25.113536125915292
-6.71545483928065
-1.4964851716966048
-76.73093791466465
-960.59601
0.0
0.0
0.0
0.0
0.0
0.0
0.0
0.0
-3.7850584362366276E-16
-842.9431933839267
2.3784778488247735E-13
1.565389174953905E-13
3.700158343420166E-15
1.212910431115558E-14
-886.3848717161292
-970.2989999999999
-31.01478547488128
-990.0
-868.7458127689781
-895.3382542587162
-1000.0
-990.0
-826.1686238355866
-895.3382542587162
-904.3820750088043
-4.803579780244542
-950.9900498999999
-913.5172474836407
-886.3848717161292
-826.1686238355866
-58.52681541719695
-970.2989999999999
-1000.0
-932.0653479069899
-29.62418348416004
-7.37643719867623
-868.7458127689781
-851.4577710948754
-834.5137614500874
-860.0583546412884
-913.5172474836407
-980.1
-990.0
-842.9431933839267
-877.5210229989679
-980.1
-860.0583546412884
-0.20530509792640148
-0.07078842606612822
-941.4801494009998
-0.005152123838308695
-904.3820750088043
-5.8405261217076E-4
-860.0583546412884
-922.74469442792
-886.3848717161292
-13.464415414933205
-960.59601
-834.5137614500874
-127.67675366917089
-30.60351139387329
-11.461535117482285
-8.1050162397167
-834.5137614500874
-1000.0
0.0
0.0
0.0
0.0
0.0
0.0
-9.094341498261684
-932.0653479069899
-120.72361810102849
-36.78324127887243
-950.9900498999999
-4.251523151162089
-950.9900498999999
-0.6516587894677857
-990.0
-932.0653479069899
-33.87867722677047
-105.16811802338758
-950.9900498999999
-16.466520249773758
-886.3848717161292
-2.351612378217721
-932.0653479069899
-74.45573766937949
-26.52575857932101
-834.5137614500874
-3.3759919841781607
-1000.0
-904.3820750088043
-904.3820750088043
-1000.0
0.0
0.0
0.0
8.268898241219693E-16
1.6015373461554938E-13
-0.33422732954326845
-4.0986802613727065
-1.8293441726729147
-0.7847358191131564
-0.3706909909256573
-130.69199604354333
-842.9431933839267
-49.015162101385016
0.0
0.0
0.0
0.0
0.0
0.0
-886.3848717161292
-92.2443934836191
-950.9900498999999
-11.341109958830119
-941.4801494009998
-886.3848717161292
-1.2093199145468048
-922.74469442792
-990.0
-3.880352188669858
-1.9824136338771416
-1.1534817031693367
-970.2989999999999
-54.28269446041776
-21.441778737881698
-851.4577710948754
-3.699640091659267
-851.4577710948754
-79.38446140073948
-30.83357176107953
-877.5210229989679
-7.632460737024933
-3.313457745784057
-0.9804388083292426
-0.4150639106301458
-868.7458127689781
-0.07274098186083611
-0.17391487942927175
-0.09768064030621659
-932.0653479069899
-43.76378743605979
-17.871066432472023
-842.9431933839267
-1000.0
-826.1686238355866
-826.1686238355866
-980.1
-868.7458127689781
-980.1
-877.5210229989679
-201.13491960201998
-851.4577710948754
-30.83215813628673
-201.13491960201992
-826.1686238355866
-970.2989999999999
-960.59601
-27.87675206357999
-42.87467756220773
-10.347446972143064
-851.4577710948754
-44.92353316638077
-904.3820750088043
-8.27550408505512
-851.4577710948754
-826.1686238355866
-860.0583546412884
-834.5137614500874
-922.74469442792
-8.67905293700962
-834.5137614500874
-8.769981614314748
-842.9431933839267
Controller tear down time: 0 ms.
